2951
   3.5841870e+02  -1.2866234e-03
   3.5854300e+02  -1.2802356e-03
   3.5866730e+02  -1.2734995e-03
   3.5879170e+02  -1.2664286e-03
   3.5891600e+02  -1.2590548e-03
   3.5904030e+02  -1.2513924e-03
   3.5916460e+02  -1.2434599e-03
   3.5928900e+02  -1.2352685e-03
   3.5941330e+02  -1.2268490e-03
   3.5953760e+02  -1.2182116e-03
   3.5966200e+02  -1.2093647e-03
   3.5978630e+02  -1.2003359e-03
   3.5991060e+02  -1.1911286e-03
   3.6003500e+02  -1.1817426e-03
   3.6015930e+02  -1.1721999e-03
   3.6028360e+02  -1.1625017e-03
   3.6040800e+02  -1.1526498e-03
   3.6053230e+02  -1.1426694e-03
   3.6065660e+02  -1.1325624e-03
   3.6078090e+02  -1.1223375e-03
   3.6090530e+02  -1.1119935e-03
   3.6102960e+02  -1.1015544e-03
   3.6115390e+02  -1.0910204e-03
   3.6127820e+02  -1.0804006e-03
   3.6140260e+02  -1.0696942e-03
   3.6152690e+02  -1.0589240e-03
   3.6165120e+02  -1.0480847e-03
   3.6177560e+02  -1.0371693e-03
   3.6189990e+02  -1.0261965e-03
   3.6202420e+02  -1.0151586e-03
   3.6214860e+02  -1.0040481e-03
   3.6227290e+02  -9.9288555e-04
   3.6239720e+02  -9.8166748e-04
   3.6252160e+02  -9.7039307e-04
   3.6264590e+02  -9.5909056e-04
   3.6277020e+02  -9.4776135e-04
   3.6289460e+02  -9.3640617e-04
   3.6301890e+02  -9.2505241e-04
   3.6314320e+02  -9.1369984e-04
   3.6326750e+02  -9.0235780e-04
   3.6339190e+02  -8.9102696e-04
   3.6351620e+02  -8.7973471e-04
   3.6364050e+02  -8.6848094e-04
   3.6376490e+02  -8.5726638e-04
   3.6388920e+02  -8.4611924e-04
   3.6401350e+02  -8.3504096e-04
   3.6413780e+02  -8.2404331e-04
   3.6426220e+02  -8.1313106e-04
   3.6438650e+02  -8.0233633e-04
   3.6451080e+02  -7.9166461e-04
   3.6463520e+02  -7.8112052e-04
   3.6475950e+02  -7.7073317e-04
   3.6488380e+02  -7.6050558e-04
   3.6500820e+02  -7.5043973e-04
   3.6513250e+02  -7.4055849e-04
   3.6525680e+02  -7.3085677e-04
   3.6538120e+02  -7.2132828e-04
   3.6550550e+02  -7.1198971e-04
   3.6562980e+02  -7.0283565e-04
   3.6575410e+02  -6.9386895e-04
   3.6587850e+02  -6.8508474e-04
   3.6600280e+02  -6.7649781e-04
   3.6612710e+02  -6.6810073e-04
   3.6625150e+02  -6.5988680e-04
   3.6637580e+02  -6.5186954e-04
   3.6650010e+02  -6.4404320e-04
   3.6662440e+02  -6.3640952e-04
   3.6674880e+02  -6.2896531e-04
   3.6687310e+02  -6.2172583e-04
   3.6699740e+02  -6.1468815e-04
   3.6712180e+02  -6.0784974e-04
   3.6724610e+02  -6.0122362e-04
   3.6737040e+02  -5.9480448e-04
   3.6749480e+02  -5.8858552e-04
   3.6761910e+02  -5.8257307e-04
   3.6774340e+02  -5.7675726e-04
   3.6786770e+02  -5.7113215e-04
   3.6799210e+02  -5.6568545e-04
   3.6811640e+02  -5.6041495e-04
   3.6824070e+02  -5.5530213e-04
   3.6836510e+02  -5.5032678e-04
   3.6848940e+02  -5.4548022e-04
   3.6861370e+02  -5.4074375e-04
   3.6873810e+02  -5.3610174e-04
   3.6886240e+02  -5.3155114e-04
   3.6898670e+02  -5.2707822e-04
   3.6911100e+02  -5.2267389e-04
   3.6923540e+02  -5.1832587e-04
   3.6935970e+02  -5.1403210e-04
   3.6948400e+02  -5.0977995e-04
   3.6960840e+02  -5.0555706e-04
   3.6973270e+02  -5.0136164e-04
   3.6985700e+02  -4.9718119e-04
   3.6998130e+02  -4.9300505e-04
   3.7010570e+02  -4.8881802e-04
   3.7023000e+02  -4.8461524e-04
   3.7035430e+02  -4.8038263e-04
   3.7047870e+02  -4.7610679e-04
   3.7060300e+02  -4.7178643e-04
   3.7072730e+02  -4.6741306e-04
   3.7085170e+02  -4.6298076e-04
   3.7097600e+02  -4.5849613e-04
   3.7110030e+02  -4.5395564e-04
   3.7122470e+02  -4.4935390e-04
   3.7134900e+02  -4.4469403e-04
   3.7147330e+02  -4.3996565e-04
   3.7159770e+02  -4.3515587e-04
   3.7172200e+02  -4.3026164e-04
   3.7184630e+02  -4.2526754e-04
   3.7197060e+02  -4.2016228e-04
   3.7209500e+02  -4.1493136e-04
   3.7221930e+02  -4.0957402e-04
   3.7234360e+02  -4.0407708e-04
   3.7246800e+02  -3.9842708e-04
   3.7259230e+02  -3.9262486e-04
   3.7271660e+02  -3.8665844e-04
   3.7284090e+02  -3.8052072e-04
   3.7296530e+02  -3.7420000e-04
   3.7308960e+02  -3.6770066e-04
   3.7321390e+02  -3.6101258e-04
   3.7333830e+02  -3.5412582e-04
   3.7346260e+02  -3.4704832e-04
   3.7358690e+02  -3.3977252e-04
   3.7371130e+02  -3.3229081e-04
   3.7383560e+02  -3.2461399e-04
   3.7395990e+02  -3.1673602e-04
   3.7408430e+02  -3.0865190e-04
   3.7420860e+02  -3.0037716e-04
   3.7433290e+02  -2.9190822e-04
   3.7445720e+02  -2.8324858e-04
   3.7458160e+02  -2.7439457e-04
   3.7470590e+02  -2.6536335e-04
   3.7483020e+02  -2.5615115e-04
   3.7495460e+02  -2.4675502e-04
   3.7507890e+02  -2.3719722e-04
   3.7520320e+02  -2.2748001e-04
   3.7532750e+02  -2.1761513e-04
   3.7545190e+02  -2.0760754e-04
   3.7557620e+02  -1.9748709e-04
   3.7570050e+02  -1.8725889e-04
   3.7582490e+02  -1.7692523e-04
   3.7594920e+02  -1.6651079e-04
   3.7607350e+02  -1.5601305e-04
   3.7619790e+02  -1.4542645e-04
   3.7632220e+02  -1.3476868e-04
   3.7644650e+02  -1.2403100e-04
   3.7657080e+02  -1.1321306e-04
   3.7669520e+02  -1.0230585e-04
   3.7681950e+02  -9.1326559e-05
   3.7694380e+02  -8.0265815e-05
   3.7706820e+02  -6.9114210e-05
   3.7719250e+02  -5.7890219e-05
   3.7731680e+02  -4.6586420e-05
   3.7744120e+02  -3.5194798e-05
   3.7756550e+02  -2.3733331e-05
   3.7768980e+02  -1.2191513e-05
   3.7781410e+02  -5.6816647e-07
   3.7793850e+02   1.1146889e-05
   3.7806280e+02   2.2935487e-05
   3.7818710e+02   3.4808348e-05
   3.7831150e+02   4.6777065e-05
   3.7843580e+02   5.8824010e-05
   3.7856010e+02   7.0959524e-05
   3.7868440e+02   8.3183611e-05
   3.7880880e+02   9.5505508e-05
   3.7893310e+02   1.0790407e-04
   3.7905740e+02   1.2038721e-04
   3.7918180e+02   1.3296252e-04
   3.7930610e+02   1.4560719e-04
   3.7943040e+02   1.5832942e-04
   3.7955480e+02   1.7113794e-04
   3.7967910e+02   1.8400997e-04
   3.7980340e+02   1.9695285e-04
   3.7992780e+02   2.0997404e-04
   3.8005210e+02   2.2305011e-04
   3.8017640e+02   2.3618972e-04
   3.8030080e+02   2.4940189e-04
   3.8042510e+02   2.6266305e-04
   3.8054940e+02   2.7598121e-04
   3.8067370e+02   2.8935405e-04
   3.8079810e+02   3.0279020e-04
   3.8092240e+02   3.1626640e-04
   3.8104670e+02   3.2979235e-04
   3.8117100e+02   3.4336699e-04
   3.8129540e+02   3.5699988e-04
   3.8141970e+02   3.7066743e-04
   3.8154400e+02   3.8437828e-04
   3.8166840e+02   3.9814007e-04
   3.8179270e+02   4.1192621e-04
   3.8191700e+02   4.2574268e-04
   3.8204140e+02   4.3959538e-04
   3.8216570e+02   4.5345757e-04
   3.8229000e+02   4.6733670e-04
   3.8241440e+02   4.8124002e-04
   3.8253870e+02   4.9514133e-04
   3.8266300e+02   5.0904833e-04
   3.8278740e+02   5.2296846e-04
   3.8291170e+02   5.3687506e-04
   3.8303600e+02   5.5077541e-04
   3.8316030e+02   5.6466645e-04
   3.8328470e+02   5.7855673e-04
   3.8340900e+02   5.9242159e-04
   3.8353330e+02   6.0627034e-04
   3.8365770e+02   6.2011245e-04
   3.8378200e+02   6.3392451e-04
   3.8390630e+02   6.4771685e-04
   3.8403060e+02   6.6148832e-04
   3.8415500e+02   6.7524740e-04
   3.8427930e+02   6.8896794e-04
   3.8440360e+02   7.0265685e-04
   3.8452800e+02   7.1632175e-04
   3.8465230e+02   7.2993756e-04
   3.8477660e+02   7.4351153e-04
   3.8490100e+02   7.5705015e-04
   3.8502530e+02   7.7052797e-04
   3.8514960e+02   7.8395426e-04
   3.8527400e+02   7.9734048e-04
   3.8539830e+02   8.1066696e-04
   3.8552260e+02   8.2394587e-04
   3.8564690e+02   8.3717805e-04
   3.8577130e+02   8.5037499e-04
   3.8589560e+02   8.6351678e-04
   3.8601990e+02   8.7661632e-04
   3.8614420e+02   8.8967725e-04
   3.8626860e+02   9.0271480e-04
   3.8639290e+02   9.1571336e-04
   3.8651720e+02   9.2868917e-04
   3.8664160e+02   9.4165922e-04
   3.8676590e+02   9.5460999e-04
   3.8689020e+02   9.6755883e-04
   3.8701460e+02   9.8052167e-04
   3.8713890e+02   9.9348153e-04
   3.8726320e+02   1.0064514e-03
   3.8738750e+02   1.0194329e-03
   3.8751190e+02   1.0324369e-03
   3.8763620e+02   1.0454419e-03
   3.8776050e+02   1.0584570e-03
   3.8788490e+02   1.0714905e-03
   3.8800920e+02   1.0845189e-03
   3.8813350e+02   1.0975497e-03
   3.8825790e+02   1.1105910e-03
   3.8838220e+02   1.1236195e-03
   3.8850650e+02   1.1366436e-03
   3.8863090e+02   1.1496709e-03
   3.8875520e+02   1.1626763e-03
   3.8887950e+02   1.1756659e-03
   3.8900390e+02   1.1886459e-03
   3.8912820e+02   1.2015910e-03
   3.8925250e+02   1.2145073e-03
   3.8937680e+02   1.2273909e-03
   3.8950120e+02   1.2402472e-03
   3.8962550e+02   1.2530504e-03
   3.8974980e+02   1.2658059e-03
   3.8987420e+02   1.2785194e-03
   3.8999850e+02   1.2911667e-03
   3.9012280e+02   1.3037549e-03
   3.9024710e+02   1.3162805e-03
   3.9037150e+02   1.3287501e-03
   3.9049580e+02   1.3411400e-03
   3.9062010e+02   1.3534564e-03
   3.9074450e+02   1.3657046e-03
   3.9086880e+02   1.3778603e-03
   3.9099310e+02   1.3899277e-03
   3.9111750e+02   1.4019100e-03
   3.9124180e+02   1.4137794e-03
   3.9136610e+02   1.4255360e-03
   3.9149040e+02   1.4371699e-03
   3.9161480e+02   1.4486807e-03
   3.9173910e+02   1.4600403e-03
   3.9186340e+02   1.4712476e-03
   3.9198780e+02   1.4823009e-03
   3.9211210e+02   1.4931714e-03
   3.9223640e+02   1.5038572e-03
   3.9236070e+02   1.5143474e-03
   3.9248510e+02   1.5246396e-03
   3.9260940e+02   1.5347073e-03
   3.9273370e+02   1.5445486e-03
   3.9285810e+02   1.5541610e-03
   3.9298240e+02   1.5635192e-03
   3.9310670e+02   1.5726226e-03
   3.9323110e+02   1.5814718e-03
   3.9335540e+02   1.5900494e-03
   3.9347970e+02   1.5983631e-03
   3.9360410e+02   1.6064230e-03
   3.9372840e+02   1.6142245e-03
   3.9385270e+02   1.6217867e-03
   3.9397710e+02   1.6291313e-03
   3.9410140e+02   1.6362642e-03
   3.9422570e+02   1.6432104e-03
   3.9435000e+02   1.6499890e-03
   3.9447440e+02   1.6566236e-03
   3.9459870e+02   1.6631197e-03
   3.9472300e+02   1.6694971e-03
   3.9484740e+02   1.6757733e-03
   3.9497170e+02   1.6819495e-03
   3.9509600e+02   1.6880408e-03
   3.9522040e+02   1.6940604e-03
   3.9534470e+02   1.7000049e-03
   3.9546900e+02   1.7058828e-03
   3.9559330e+02   1.7116959e-03
   3.9571770e+02   1.7174484e-03
   3.9584200e+02   1.7231292e-03
   3.9596630e+02   1.7287394e-03
   3.9609070e+02   1.7342794e-03
   3.9621500e+02   1.7397365e-03
   3.9633930e+02   1.7451113e-03
   3.9646360e+02   1.7503999e-03
   3.9658800e+02   1.7556028e-03
   3.9671230e+02   1.7607093e-03
   3.9683660e+02   1.7657232e-03
   3.9696100e+02   1.7706495e-03
   3.9708530e+02   1.7754827e-03
   3.9720960e+02   1.7802302e-03
   3.9733400e+02   1.7849005e-03
   3.9745830e+02   1.7894922e-03
   3.9758260e+02   1.7940169e-03
   3.9770690e+02   1.7984836e-03
   3.9783130e+02   1.8029069e-03
   3.9795560e+02   1.8072914e-03
   3.9807990e+02   1.8116526e-03
   3.9820420e+02   1.8160016e-03
   3.9832860e+02   1.8203516e-03
   3.9845290e+02   1.8247040e-03
   3.9857720e+02   1.8290698e-03
   3.9870160e+02   1.8334582e-03
   3.9882590e+02   1.8378659e-03
   3.9895020e+02   1.8422988e-03
   3.9907460e+02   1.8467621e-03
   3.9919890e+02   1.8512491e-03
   3.9932320e+02   1.8557634e-03
   3.9944760e+02   1.8603093e-03
   3.9957190e+02   1.8648804e-03
   3.9969620e+02   1.8694823e-03
   3.9982060e+02   1.8741212e-03
   3.9994490e+02   1.8787926e-03
   4.0006920e+02   1.8835038e-03
   4.0019360e+02   1.8882624e-03
   4.0031790e+02   1.8930645e-03
   4.0044220e+02   1.8979176e-03
   4.0056660e+02   1.9028283e-03
   4.0069090e+02   1.9077910e-03
   4.0081520e+02   1.9128112e-03
   4.0093950e+02   1.9178902e-03
   4.0106390e+02   1.9230329e-03
   4.0118820e+02   1.9282307e-03
   4.0131250e+02   1.9334862e-03
   4.0143680e+02   1.9387969e-03
   4.0156120e+02   1.9441637e-03
   4.0168550e+02   1.9495743e-03
   4.0180980e+02   1.9550301e-03
   4.0193420e+02   1.9605326e-03
   4.0205850e+02   1.9660699e-03
   4.0218280e+02   1.9716424e-03
   4.0230720e+02   1.9772502e-03
   4.0243150e+02   1.9828795e-03
   4.0255580e+02   1.9885301e-03
   4.0268020e+02   1.9942020e-03
   4.0280450e+02   1.9998817e-03
   4.0292880e+02   2.0055699e-03
   4.0305310e+02   2.0112642e-03
   4.0317750e+02   2.0169678e-03
   4.0330180e+02   2.0226707e-03
   4.0342610e+02   2.0283771e-03
   4.0355040e+02   2.0340864e-03
   4.0367480e+02   2.0398029e-03
   4.0379910e+02   2.0455176e-03
   4.0392340e+02   2.0512351e-03
   4.0404780e+02   2.0569600e-03
   4.0417210e+02   2.0626828e-03
   4.0429640e+02   2.0684081e-03
   4.0442080e+02   2.0741416e-03
   4.0454510e+02   2.0798764e-03
   4.0466940e+02   2.0856203e-03
   4.0479380e+02   2.0913817e-03
   4.0491810e+02   2.0971555e-03
   4.0504240e+02   2.1029503e-03
   4.0516670e+02   2.1087706e-03
   4.0529110e+02   2.1146259e-03
   4.0541540e+02   2.1205114e-03
   4.0553970e+02   2.1264367e-03
   4.0566410e+02   2.1324115e-03
   4.0578840e+02   2.1384315e-03
   4.0591270e+02   2.1445061e-03
   4.0603710e+02   2.1506443e-03
   4.0616140e+02   2.1568391e-03
   4.0628570e+02   2.1630977e-03
   4.0641010e+02   2.1694265e-03
   4.0653440e+02   2.1758164e-03
   4.0665870e+02   2.1822733e-03
   4.0678300e+02   2.1887984e-03
   4.0690740e+02   2.1953981e-03
   4.0703170e+02   2.2020633e-03
   4.0715600e+02   2.2088007e-03
   4.0728040e+02   2.2156170e-03
   4.0740470e+02   2.2225020e-03
   4.0752900e+02   2.2294611e-03
   4.0765330e+02   2.2364938e-03
   4.0777770e+02   2.2436047e-03
   4.0790200e+02   2.2507810e-03
   4.0802630e+02   2.2580267e-03
   4.0815070e+02   2.2653468e-03
   4.0827500e+02   2.2727293e-03
   4.0839930e+02   2.2801806e-03
   4.0852370e+02   2.2877079e-03
   4.0864800e+02   2.2953002e-03
   4.0877230e+02   2.3029641e-03
   4.0889660e+02   2.3106995e-03
   4.0902100e+02   2.3185117e-03
   4.0914530e+02   2.3263864e-03
   4.0926960e+02   2.3343276e-03
   4.0939400e+02   2.3423397e-03
   4.0951830e+02   2.3504070e-03
   4.0964260e+02   2.3585332e-03
   4.0976690e+02   2.3667161e-03
   4.0989130e+02   2.3749612e-03
   4.1001560e+02   2.3832552e-03
   4.1013990e+02   2.3916055e-03
   4.1026430e+02   2.4000202e-03
   4.1038860e+02   2.4084869e-03
   4.1051290e+02   2.4170136e-03
   4.1063730e+02   2.4256084e-03
   4.1076160e+02   2.4342589e-03
   4.1088590e+02   2.4429726e-03
   4.1101030e+02   2.4517566e-03
   4.1113460e+02   2.4605954e-03
   4.1125890e+02   2.4694946e-03
   4.1138330e+02   2.4784594e-03
   4.1150760e+02   2.4874729e-03
   4.1163190e+02   2.4965392e-03
   4.1175630e+02   2.5056616e-03
   4.1188060e+02   2.5148208e-03
   4.1200490e+02   2.5240197e-03
   4.1212920e+02   2.5332545e-03
   4.1225360e+02   2.5425290e-03
   4.1237790e+02   2.5518249e-03
   4.1250220e+02   2.5611457e-03
   4.1262660e+02   2.5704947e-03
   4.1275090e+02   2.5798519e-03
   4.1287520e+02   2.5892200e-03
   4.1299950e+02   2.5985933e-03
   4.1312390e+02   2.6079743e-03
   4.1324820e+02   2.6173434e-03
   4.1337250e+02   2.6267041e-03
   4.1349690e+02   2.6360609e-03
   4.1362120e+02   2.6453953e-03
   4.1374550e+02   2.6547124e-03
   4.1386980e+02   2.6640100e-03
   4.1399420e+02   2.6732938e-03
   4.1411850e+02   2.6825466e-03
   4.1424280e+02   2.6917738e-03
   4.1436720e+02   2.7009801e-03
   4.1449150e+02   2.7101488e-03
   4.1461580e+02   2.7192855e-03
   4.1474010e+02   2.7283886e-03
   4.1486450e+02   2.7374640e-03
   4.1498880e+02   2.7464955e-03
   4.1511310e+02   2.7554891e-03
   4.1523750e+02   2.7644511e-03
   4.1536180e+02   2.7733667e-03
   4.1548610e+02   2.7822437e-03
   4.1561040e+02   2.7910828e-03
   4.1573480e+02   2.7998920e-03
   4.1585910e+02   2.8086588e-03
   4.1598340e+02   2.8173917e-03
   4.1610780e+02   2.8261000e-03
   4.1623210e+02   2.8347725e-03
   4.1635640e+02   2.8434196e-03
   4.1648080e+02   2.8520514e-03
   4.1660510e+02   2.8606565e-03
   4.1672940e+02   2.8692440e-03
   4.1685380e+02   2.8778226e-03
   4.1697810e+02   2.8863807e-03
   4.1710240e+02   2.8949280e-03
   4.1722680e+02   2.9034749e-03
   4.1735110e+02   2.9120112e-03
   4.1747540e+02   2.9205475e-03
   4.1759980e+02   2.9290948e-03
   4.1772410e+02   2.9376436e-03
   4.1784840e+02   2.9462053e-03
   4.1797280e+02   2.9547912e-03
   4.1809710e+02   2.9633921e-03
   4.1822140e+02   2.9720199e-03
   4.1834570e+02   2.9806792e-03
   4.1847010e+02   2.9893812e-03
   4.1859440e+02   2.9981154e-03
   4.1871870e+02   3.0068924e-03
   4.1884310e+02   3.0157232e-03
   4.1896740e+02   3.0245978e-03
   4.1909170e+02   3.0335268e-03
   4.1921600e+02   3.0425126e-03
   4.1934040e+02   3.0515643e-03
   4.1946470e+02   3.0606683e-03
   4.1958900e+02   3.0698324e-03
   4.1971340e+02   3.0790644e-03
   4.1983770e+02   3.0883496e-03
   4.1996200e+02   3.0976955e-03
   4.2008630e+02   3.1071023e-03
   4.2021070e+02   3.1165782e-03
   4.2033500e+02   3.1261089e-03
   4.2045930e+02   3.1357036e-03
   4.2058370e+02   3.1453723e-03
   4.2070800e+02   3.1551021e-03
   4.2083230e+02   3.1649030e-03
   4.2095660e+02   3.1747770e-03
   4.2108100e+02   3.1847335e-03
   4.2120530e+02   3.1947575e-03
   4.2132960e+02   3.2048573e-03
   4.2145400e+02   3.2150413e-03
   4.2157830e+02   3.2252938e-03
   4.2170260e+02   3.2356227e-03
   4.2182700e+02   3.2460361e-03
   4.2195130e+02   3.2565167e-03
   4.2207560e+02   3.2670723e-03
   4.2220000e+02   3.2777113e-03
   4.2232430e+02   3.2884166e-03
   4.2244860e+02   3.2991965e-03
   4.2257290e+02   3.3100512e-03
   4.2269730e+02   3.3209909e-03
   4.2282160e+02   3.3320002e-03
   4.2294590e+02   3.3430901e-03
   4.2307030e+02   3.3542725e-03
   4.2319460e+02   3.3655320e-03
   4.2331890e+02   3.3768806e-03
   4.2344330e+02   3.3883308e-03
   4.2356760e+02   3.3998679e-03
   4.2369190e+02   3.4115052e-03
   4.2381630e+02   3.4232567e-03
   4.2394060e+02   3.4351071e-03
   4.2406490e+02   3.4470686e-03
   4.2418930e+02   3.4591530e-03
   4.2431360e+02   3.4713423e-03
   4.2443790e+02   3.4836468e-03
   4.2456220e+02   3.4960666e-03
   4.2468660e+02   3.5086110e-03
   4.2481090e+02   3.5212586e-03
   4.2493520e+02   3.5340186e-03
   4.2505960e+02   3.5469015e-03
   4.2518390e+02   3.5598878e-03
   4.2530820e+02   3.5729884e-03
   4.2543250e+02   3.5862035e-03
   4.2555680e+02   3.5995325e-03
   4.2568120e+02   3.6129859e-03
   4.2580550e+02   3.6265414e-03
   4.2592990e+02   3.6402206e-03
   4.2605420e+02   3.6540013e-03
   4.2617850e+02   3.6678944e-03
   4.2630280e+02   3.6819002e-03
   4.2642710e+02   3.6960194e-03
   4.2655150e+02   3.7102640e-03
   4.2667580e+02   3.7246109e-03
   4.2680020e+02   3.7390825e-03
   4.2692450e+02   3.7536545e-03
   4.2704880e+02   3.7683373e-03
   4.2717310e+02   3.7831299e-03
   4.2729750e+02   3.7980430e-03
   4.2742180e+02   3.8130520e-03
   4.2754610e+02   3.8281691e-03
   4.2767050e+02   3.8434076e-03
   4.2779480e+02   3.8587440e-03
   4.2791910e+02   3.8741906e-03
   4.2804350e+02   3.8897596e-03
   4.2816780e+02   3.9054243e-03
   4.2829210e+02   3.9211950e-03
   4.2841650e+02   3.9370809e-03
   4.2854080e+02   3.9530525e-03
   4.2866510e+02   3.9691177e-03
   4.2878950e+02   3.9852837e-03
   4.2891380e+02   4.0015181e-03
   4.2903810e+02   4.0178267e-03
   4.2916250e+02   4.0342162e-03
   4.2928680e+02   4.0506543e-03
   4.2941110e+02   4.0671493e-03
   4.2953540e+02   4.0836968e-03
   4.2965980e+02   4.1003064e-03
   4.2978410e+02   4.1169476e-03
   4.2990840e+02   4.1336304e-03
   4.3003270e+02   4.1503526e-03
   4.3015710e+02   4.1671261e-03
   4.3028140e+02   4.1839232e-03
   4.3040580e+02   4.2007717e-03
   4.3053010e+02   4.2176462e-03
   4.3065440e+02   4.2345626e-03
   4.3077870e+02   4.2515240e-03
   4.3090300e+02   4.2685349e-03
   4.3102740e+02   4.2856148e-03
   4.3115170e+02   4.3027418e-03
   4.3127610e+02   4.3199490e-03
   4.3140040e+02   4.3372137e-03
   4.3152470e+02   4.3545535e-03
   4.3164900e+02   4.3719710e-03
   4.3177330e+02   4.3894675e-03
   4.3189770e+02   4.4070578e-03
   4.3202200e+02   4.4247135e-03
   4.3214630e+02   4.4424479e-03
   4.3227070e+02   4.4602737e-03
   4.3239500e+02   4.4781595e-03
   4.3251930e+02   4.4961159e-03
   4.3264370e+02   4.5141536e-03
   4.3276800e+02   4.5322397e-03
   4.3289230e+02   4.5503843e-03
   4.3301670e+02   4.5685977e-03
   4.3314100e+02   4.5868455e-03
   4.3326530e+02   4.6051363e-03
   4.3338960e+02   4.6234636e-03
   4.3351400e+02   4.6418354e-03
   4.3363830e+02   4.6602156e-03
   4.3376260e+02   4.6786130e-03
   4.3388700e+02   4.6970369e-03
   4.3401130e+02   4.7154528e-03
   4.3413560e+02   4.7338715e-03
   4.3426000e+02   4.7523042e-03
   4.3438430e+02   4.7707180e-03
   4.3450860e+02   4.7891236e-03
   4.3463300e+02   4.8075313e-03
   4.3475730e+02   4.8259065e-03
   4.3488160e+02   4.8442584e-03
   4.3500600e+02   4.8625961e-03
   4.3513030e+02   4.8808845e-03
   4.3525460e+02   4.8991332e-03
   4.3537890e+02   4.9173377e-03
   4.3550330e+02   4.9355086e-03
   4.3562760e+02   4.9536126e-03
   4.3575200e+02   4.9716740e-03
   4.3587630e+02   4.9896590e-03
   4.3600060e+02   5.0075775e-03
   4.3612490e+02   5.0254251e-03
   4.3624920e+02   5.0431974e-03
   4.3637360e+02   5.0609042e-03
   4.3649790e+02   5.0785126e-03
   4.3662220e+02   5.0960325e-03
   4.3674660e+02   5.1134740e-03
   4.3687090e+02   5.1308055e-03
   4.3699520e+02   5.1480381e-03
   4.3711950e+02   5.1651691e-03
   4.3724390e+02   5.1822092e-03
   4.3736820e+02   5.1991280e-03
   4.3749250e+02   5.2159358e-03
   4.3761690e+02   5.2326425e-03
   4.3774120e+02   5.2492175e-03
   4.3786550e+02   5.2656704e-03
   4.3798980e+02   5.2819978e-03
   4.3811420e+02   5.2982097e-03
   4.3823850e+02   5.3142775e-03
   4.3836280e+02   5.3302124e-03
   4.3848720e+02   5.3460257e-03
   4.3861150e+02   5.3616907e-03
   4.3873580e+02   5.3772192e-03
   4.3886020e+02   5.3926224e-03
   4.3898450e+02   5.4078754e-03
   4.3910880e+02   5.4229913e-03
   4.3923320e+02   5.4379833e-03
   4.3935750e+02   5.4528292e-03
   4.3948180e+02   5.4675426e-03
   4.3960620e+02   5.4821374e-03
   4.3973050e+02   5.4965929e-03
   4.3985480e+02   5.5109239e-03
   4.3997920e+02   5.5251451e-03
   4.4010350e+02   5.5392365e-03
   4.4022780e+02   5.5532116e-03
   4.4035210e+02   5.5670721e-03
   4.4047650e+02   5.5808300e-03
   4.4060080e+02   5.5944637e-03
   4.4072510e+02   5.6079852e-03
   4.4084950e+02   5.6214059e-03
   4.4097380e+02   5.6347061e-03
   4.4109810e+02   5.6478980e-03
   4.4122250e+02   5.6609932e-03
   4.4134680e+02   5.6739708e-03
   4.4147110e+02   5.6868408e-03
   4.4159540e+02   5.6996010e-03
   4.4171980e+02   5.7122583e-03
   4.4184410e+02   5.7247883e-03
   4.4196840e+02   5.7371965e-03
   4.4209280e+02   5.7494884e-03
   4.4221710e+02   5.7616397e-03
   4.4234140e+02   5.7736561e-03
   4.4246570e+02   5.7855333e-03
   4.4259010e+02   5.7972769e-03
   4.4271440e+02   5.8088648e-03
   4.4283870e+02   5.8203037e-03
   4.4296310e+02   5.8316000e-03
   4.4308740e+02   5.8427336e-03
   4.4321170e+02   5.8537124e-03
   4.4333600e+02   5.8645357e-03
   4.4346040e+02   5.8752120e-03
   4.4358470e+02   5.8857244e-03
   4.4370900e+02   5.8960821e-03
   4.4383340e+02   5.9062944e-03
   4.4395770e+02   5.9163463e-03
   4.4408200e+02   5.9262479e-03
   4.4420630e+02   5.9360010e-03
   4.4433070e+02   5.9456153e-03
   4.4445500e+02   5.9550774e-03
   4.4457930e+02   5.9643971e-03
   4.4470370e+02   5.9735841e-03
   4.4482800e+02   5.9826262e-03
   4.4495230e+02   5.9915337e-03
   4.4507670e+02   6.0003164e-03
   4.4520100e+02   6.0089626e-03
   4.4532530e+02   6.0174816e-03
   4.4544970e+02   6.0258830e-03
   4.4557400e+02   6.0341568e-03
   4.4569830e+02   6.0423145e-03
   4.4582270e+02   6.0503677e-03
   4.4594700e+02   6.0583092e-03
   4.4607130e+02   6.0661518e-03
   4.4619570e+02   6.0739081e-03
   4.4632000e+02   6.0815724e-03
   4.4644430e+02   6.0891574e-03
   4.4656870e+02   6.0966751e-03
   4.4669300e+02   6.1041192e-03
   4.4681730e+02   6.1115006e-03
   4.4694160e+02   6.1188239e-03
   4.4706600e+02   6.1260985e-03
   4.4719030e+02   6.1333153e-03
   4.4731460e+02   6.1404825e-03
   4.4743900e+02   6.1476074e-03
   4.4756330e+02   6.1546806e-03
   4.4768760e+02   6.1617093e-03
   4.4781190e+02   6.1686951e-03
   4.4793630e+02   6.1756447e-03
   4.4806060e+02   6.1825480e-03
   4.4818490e+02   6.1894114e-03
   4.4830930e+02   6.1962410e-03
   4.4843360e+02   6.2030269e-03
   4.4855790e+02   6.2097756e-03
   4.4868220e+02   6.2164887e-03
   4.4880660e+02   6.2231731e-03
   4.4893090e+02   6.2298193e-03
   4.4905520e+02   6.2364337e-03
   4.4917960e+02   6.2430226e-03
   4.4930390e+02   6.2495760e-03
   4.4942820e+02   6.2561007e-03
   4.4955250e+02   6.2625984e-03
   4.4967690e+02   6.2690762e-03
   4.4980120e+02   6.2755257e-03
   4.4992550e+02   6.2819542e-03
   4.5004990e+02   6.2883685e-03
   4.5017420e+02   6.2947593e-03
   4.5029850e+02   6.3011320e-03
   4.5042290e+02   6.3074917e-03
   4.5054720e+02   6.3138285e-03
   4.5067150e+02   6.3201481e-03
   4.5079580e+02   6.3264512e-03
   4.5092020e+02   6.3327433e-03
   4.5104450e+02   6.3390146e-03
   4.5116880e+02   6.3452698e-03
   4.5129320e+02   6.3515134e-03
   4.5141750e+02   6.3577348e-03
   4.5154180e+02   6.3639380e-03
   4.5166620e+02   6.3701274e-03
   4.5179050e+02   6.3762927e-03
   4.5191480e+02   6.3824394e-03
   4.5203920e+02   6.3885733e-03
   4.5216350e+02   6.3946861e-03
   4.5228780e+02   6.4007843e-03
   4.5241220e+02   6.4068749e-03
   4.5253650e+02   6.4129514e-03
   4.5266080e+02   6.4190230e-03
   4.5278520e+02   6.4250999e-03
   4.5290950e+02   6.4311786e-03
   4.5303380e+02   6.4372713e-03
   4.5315810e+02   6.4433863e-03
   4.5328250e+02   6.4495369e-03
   4.5340680e+02   6.4557219e-03
   4.5353110e+02   6.4619549e-03
   4.5365550e+02   6.4682501e-03
   4.5377980e+02   6.4746064e-03
   4.5390410e+02   6.4810374e-03
   4.5402840e+02   6.4875512e-03
   4.5415270e+02   6.4941555e-03
   4.5427710e+02   6.5008627e-03
   4.5440140e+02   6.5076687e-03
   4.5452580e+02   6.5145904e-03
   4.5465010e+02   6.5216228e-03
   4.5477440e+02   6.5287773e-03
   4.5489870e+02   6.5360596e-03
   4.5502300e+02   6.5434758e-03
   4.5514740e+02   6.5510385e-03
   4.5527170e+02   6.5587422e-03
   4.5539610e+02   6.5666065e-03
   4.5552040e+02   6.5746267e-03
   4.5564470e+02   6.5828171e-03
   4.5576900e+02   6.5911855e-03
   4.5589340e+02   6.5997464e-03
   4.5601770e+02   6.6084933e-03
   4.5614200e+02   6.6174391e-03
   4.5626640e+02   6.6265963e-03
   4.5639070e+02   6.6359547e-03
   4.5651500e+02   6.6455254e-03
   4.5663940e+02   6.6553207e-03
   4.5676370e+02   6.6653294e-03
   4.5688800e+02   6.6755641e-03
   4.5701240e+02   6.6860385e-03
   4.5713670e+02   6.6967408e-03
   4.5726100e+02   6.7076842e-03
   4.5738540e+02   6.7188824e-03
   4.5750970e+02   6.7303213e-03
   4.5763400e+02   6.7420139e-03
   4.5775830e+02   6.7539642e-03
   4.5788270e+02   6.7661862e-03
   4.5800700e+02   6.7786640e-03
   4.5813130e+02   6.7914107e-03
   4.5825570e+02   6.8044394e-03
   4.5838000e+02   6.8177310e-03
   4.5850430e+02   6.8312972e-03
   4.5862870e+02   6.8451501e-03
   4.5875300e+02   6.8592677e-03
   4.5887730e+02   6.8736607e-03
   4.5900170e+02   6.8883406e-03
   4.5912600e+02   6.9032826e-03
   4.5925030e+02   6.9184971e-03
   4.5937460e+02   6.9339819e-03
   4.5949890e+02   6.9497339e-03
   4.5962330e+02   6.9657627e-03
   4.5974760e+02   6.9820390e-03
   4.5987200e+02   6.9985857e-03
   4.5999630e+02   7.0153730e-03
   4.6012060e+02   7.0324109e-03
   4.6024490e+02   7.0496952e-03
   4.6036920e+02   7.0672213e-03
   4.6049360e+02   7.0849985e-03
   4.6061790e+02   7.1029932e-03
   4.6074220e+02   7.1212138e-03
   4.6086660e+02   7.1396695e-03
   4.6099090e+02   7.1583239e-03
   4.6111520e+02   7.1771850e-03
   4.6123960e+02   7.1962608e-03
   4.6136390e+02   7.2155130e-03
   4.6148820e+02   7.2349491e-03
   4.6161250e+02   7.2545612e-03
   4.6173690e+02   7.2743574e-03
   4.6186120e+02   7.2942977e-03
   4.6198550e+02   7.3143897e-03
   4.6210990e+02   7.3346413e-03
   4.6223420e+02   7.3550105e-03
   4.6235850e+02   7.3755044e-03
   4.6248290e+02   7.3961306e-03
   4.6260720e+02   7.4168475e-03
   4.6273150e+02   7.4376626e-03
   4.6285590e+02   7.4585833e-03
   4.6298020e+02   7.4795663e-03
   4.6310450e+02   7.5006185e-03
   4.6322890e+02   7.5217471e-03
   4.6335320e+02   7.5429082e-03
   4.6347750e+02   7.5641084e-03
   4.6360190e+02   7.5853548e-03
   4.6372620e+02   7.6066039e-03
   4.6385050e+02   7.6278636e-03
   4.6397480e+02   7.6491253e-03
   4.6409920e+02   7.6703979e-03
   4.6422350e+02   7.6916388e-03
   4.6434790e+02   7.7128739e-03
   4.6447220e+02   7.7340604e-03
   4.6459650e+02   7.7552070e-03
   4.6472080e+02   7.7763050e-03
   4.6484510e+02   7.7973457e-03
   4.6496950e+02   7.8183373e-03
   4.6509380e+02   7.8392374e-03
   4.6521820e+02   7.8600710e-03
   4.6534250e+02   7.8807959e-03
   4.6546680e+02   7.9014202e-03
   4.6559110e+02   7.9219345e-03
   4.6571540e+02   7.9423294e-03
   4.6583980e+02   7.9626118e-03
   4.6596410e+02   7.9827396e-03
   4.6608840e+02   8.0027197e-03
   4.6621280e+02   8.0225582e-03
   4.6633710e+02   8.0422131e-03
   4.6646140e+02   8.0616904e-03
   4.6658570e+02   8.0809805e-03
   4.6671010e+02   8.1000885e-03
   4.6683440e+02   8.1189737e-03
   4.6695870e+02   8.1376418e-03
   4.6708310e+02   8.1560981e-03
   4.6720740e+02   8.1743039e-03
   4.6733170e+02   8.1922651e-03
   4.6745610e+02   8.2099873e-03
   4.6758040e+02   8.2274330e-03
   4.6770470e+02   8.2446070e-03
   4.6782910e+02   8.2615130e-03
   4.6795340e+02   8.2781134e-03
   4.6807770e+02   8.2944111e-03
   4.6820210e+02   8.3104080e-03
   4.6832640e+02   8.3260671e-03
   4.6845070e+02   8.3413907e-03
   4.6857500e+02   8.3563680e-03
   4.6869940e+02   8.3709997e-03
   4.6882370e+02   8.3852508e-03
   4.6894800e+02   8.3991220e-03
   4.6907240e+02   8.4126128e-03
   4.6919670e+02   8.4256907e-03
   4.6932100e+02   8.4383566e-03
   4.6944540e+02   8.4506105e-03
   4.6956970e+02   8.4624234e-03
   4.6969400e+02   8.4737955e-03
   4.6981840e+02   8.4847262e-03
   4.6994270e+02   8.4951890e-03
   4.7006700e+02   8.5051843e-03
   4.7019130e+02   8.5147040e-03
   4.7031570e+02   8.5237473e-03
   4.7044000e+02   8.5322928e-03
   4.7056430e+02   8.5403413e-03
   4.7068870e+02   8.5478928e-03
   4.7081300e+02   8.5549300e-03
   4.7093730e+02   8.5614541e-03
   4.7106160e+02   8.5674606e-03
   4.7118600e+02   8.5729497e-03
   4.7131030e+02   8.5779086e-03
   4.7143460e+02   8.5823383e-03
   4.7155900e+02   8.5862375e-03
   4.7168330e+02   8.5895954e-03
   4.7180760e+02   8.5924104e-03
   4.7193190e+02   8.5946774e-03
   4.7205630e+02   8.5963921e-03
   4.7218060e+02   8.5975463e-03
   4.7230490e+02   8.5981360e-03
   4.7242930e+02   8.5981552e-03
   4.7255360e+02   8.5975986e-03
   4.7267790e+02   8.5964611e-03
   4.7280220e+02   8.5947376e-03
   4.7292660e+02   8.5924217e-03
   4.7305090e+02   8.5895139e-03
   4.7317520e+02   8.5860110e-03
   4.7329960e+02   8.5819091e-03
   4.7342390e+02   8.5772153e-03
   4.7354820e+02   8.5719280e-03
   4.7367260e+02   8.5660441e-03
   4.7379690e+02   8.5595756e-03
   4.7392120e+02   8.5525205e-03
   4.7404560e+02   8.5448754e-03
   4.7416990e+02   8.5366557e-03
   4.7429420e+02   8.5278579e-03
   4.7441860e+02   8.5184766e-03
   4.7454290e+02   8.5085290e-03
   4.7466720e+02   8.4980106e-03
   4.7479160e+02   8.4869156e-03
   4.7491590e+02   8.4752653e-03
   4.7504020e+02   8.4630553e-03
   4.7516460e+02   8.4502791e-03
   4.7528890e+02   8.4369618e-03
   4.7541320e+02   8.4230984e-03
   4.7553750e+02   8.4086939e-03
   4.7566190e+02   8.3937417e-03
   4.7578620e+02   8.3782713e-03
   4.7591050e+02   8.3622770e-03
   4.7603490e+02   8.3457512e-03
   4.7615920e+02   8.3287269e-03
   4.7628350e+02   8.3111974e-03
   4.7640780e+02   8.2931691e-03
   4.7653220e+02   8.2746331e-03
   4.7665650e+02   8.2556261e-03
   4.7678080e+02   8.2361403e-03
   4.7690520e+02   8.2161663e-03
   4.7702950e+02   8.1957435e-03
   4.7715380e+02   8.1748627e-03
   4.7727810e+02   8.1535307e-03
   4.7740250e+02   8.1317361e-03
   4.7752680e+02   8.1095196e-03
   4.7765110e+02   8.0868693e-03
   4.7777550e+02   8.0637716e-03
   4.7789980e+02   8.0402694e-03
   4.7802410e+02   8.0163502e-03
   4.7814840e+02   7.9920201e-03
   4.7827280e+02   7.9672653e-03
   4.7839710e+02   7.9421321e-03
   4.7852140e+02   7.9166072e-03
   4.7864580e+02   7.8906763e-03
   4.7877010e+02   7.8643880e-03
   4.7889440e+02   7.8377293e-03
   4.7901880e+02   7.8106864e-03
   4.7914310e+02   7.7833111e-03
   4.7926740e+02   7.7555906e-03
   4.7939170e+02   7.7275338e-03
   4.7951610e+02   7.6991265e-03
   4.7964040e+02   7.6704227e-03
   4.7976470e+02   7.6414082e-03
   4.7988910e+02   7.6120674e-03
   4.8001340e+02   7.5824561e-03
   4.8013770e+02   7.5525590e-03
   4.8026210e+02   7.5223610e-03
   4.8038640e+02   7.4919195e-03
   4.8051070e+02   7.4612195e-03
   4.8063510e+02   7.4302457e-03
   4.8075940e+02   7.3990573e-03
   4.8088370e+02   7.3676392e-03
   4.8100810e+02   7.3359756e-03
   4.8113240e+02   7.3041275e-03
   4.8125670e+02   7.2720802e-03
   4.8138110e+02   7.2398187e-03
   4.8150540e+02   7.2074064e-03
   4.8162970e+02   7.1748286e-03
   4.8175400e+02   7.1420958e-03
   4.8187840e+02   7.1091920e-03
   4.8200270e+02   7.0761799e-03
   4.8212700e+02   7.0430432e-03
   4.8225140e+02   7.0097650e-03
   4.8237570e+02   6.9764088e-03
   4.8250000e+02   6.9429576e-03
   4.8262430e+02   6.9094211e-03
   4.8274870e+02   6.8757814e-03
   4.8287300e+02   6.8421018e-03
   4.8299730e+02   6.8083648e-03
   4.8312170e+02   6.7745527e-03
   4.8324600e+02   6.7407293e-03
   4.8337030e+02   6.7068766e-03
   4.8349460e+02   6.6730039e-03
   4.8361890e+02   6.6391202e-03
   4.8374330e+02   6.6052078e-03
   4.8386760e+02   6.5713313e-03
   4.8399200e+02   6.5374467e-03
   4.8411630e+02   6.5036195e-03
   4.8424060e+02   6.4698341e-03
   4.8436490e+02   6.4361019e-03
   4.8448930e+02   6.4024076e-03
   4.8461360e+02   6.3688166e-03
   4.8473790e+02   6.3353131e-03
   4.8486230e+02   6.3018809e-03
   4.8498660e+02   6.2685845e-03
   4.8511090e+02   6.2354075e-03
   4.8523530e+02   6.2023333e-03
   4.8535960e+02   6.1694249e-03
   4.8548390e+02   6.1366658e-03
   4.8560830e+02   6.1040396e-03
   4.8573260e+02   6.0716089e-03
   4.8585690e+02   6.0393577e-03
   4.8598130e+02   6.0072711e-03
   4.8610560e+02   5.9754124e-03
   4.8622990e+02   5.9437689e-03
   4.8635420e+02   5.9123551e-03
   4.8647860e+02   5.8811608e-03
   4.8660290e+02   5.8502515e-03
   4.8672720e+02   5.8196166e-03
   4.8685160e+02   5.7892460e-03
   4.8697590e+02   5.7592018e-03
   4.8710020e+02   5.7294719e-03
   4.8722460e+02   5.7000443e-03
   4.8734890e+02   5.6709769e-03
   4.8747320e+02   5.6422560e-03
   4.8759760e+02   5.6138677e-03
   4.8772190e+02   5.5858659e-03
   4.8784620e+02   5.5582347e-03
   4.8797050e+02   5.5309798e-03
   4.8809490e+02   5.5040847e-03
   4.8821920e+02   5.4775965e-03
   4.8834350e+02   5.4514966e-03
   4.8846780e+02   5.4257874e-03
   4.8859220e+02   5.4004509e-03
   4.8871650e+02   5.3755303e-03
   4.8884080e+02   5.3510070e-03
   4.8896510e+02   5.3268828e-03
   4.8908950e+02   5.3031401e-03
   4.8921380e+02   5.2798183e-03
   4.8933810e+02   5.2568988e-03
   4.8946250e+02   5.2343639e-03
   4.8958680e+02   5.2122504e-03
   4.8971110e+02   5.1905401e-03
   4.8983540e+02   5.1692331e-03
   4.8995980e+02   5.1483125e-03
   4.9008410e+02   5.1278112e-03
   4.9020840e+02   5.1077118e-03
   4.9033280e+02   5.0879976e-03
   4.9045710e+02   5.0686991e-03
   4.9058140e+02   5.0497987e-03
   4.9070580e+02   5.0312801e-03
   4.9083010e+02   5.0131711e-03
   4.9095440e+02   4.9954549e-03
   4.9107880e+02   4.9781157e-03
   4.9120310e+02   4.9611797e-03
   4.9132740e+02   4.9446310e-03
   4.9145180e+02   4.9284546e-03
   4.9157610e+02   4.9126746e-03
   4.9170040e+02   4.8972756e-03
   4.9182480e+02   4.8822435e-03
   4.9194910e+02   4.8676009e-03
   4.9207340e+02   4.8533344e-03
   4.9219780e+02   4.8394322e-03
   4.9232210e+02   4.8259165e-03
   4.9244640e+02   4.8127755e-03
   4.9257080e+02   4.7999987e-03
   4.9269510e+02   4.7876060e-03
   4.9281940e+02   4.7755864e-03
   4.9294380e+02   4.7639304e-03
   4.9306810e+02   4.7526559e-03
   4.9319240e+02   4.7417523e-03
   4.9331670e+02   4.7312180e-03
   4.9344100e+02   4.7210513e-03
   4.9356540e+02   4.7112425e-03
   4.9368970e+02   4.7018051e-03
   4.9381400e+02   4.6927292e-03
   4.9393840e+02   4.6840053e-03
   4.9406270e+02   4.6756449e-03
   4.9418700e+02   4.6676380e-03
   4.9431130e+02   4.6599818e-03
   4.9443570e+02   4.6526676e-03
   4.9456000e+02   4.6457041e-03
   4.9468430e+02   4.6390820e-03
   4.9480870e+02   4.6327927e-03
   4.9493300e+02   4.6268428e-03
   4.9505730e+02   4.6212234e-03
   4.9518160e+02   4.6159306e-03
   4.9530600e+02   4.6109561e-03
   4.9543030e+02   4.6063033e-03
   4.9555460e+02   4.6019638e-03
   4.9567900e+02   4.5979302e-03
   4.9580330e+02   4.5942054e-03
   4.9592760e+02   4.5907824e-03
   4.9605200e+02   4.5876555e-03
   4.9617630e+02   4.5848269e-03
   4.9630060e+02   4.5822913e-03
   4.9642500e+02   4.5800446e-03
   4.9654930e+02   4.5780882e-03
   4.9667360e+02   4.5764177e-03
   4.9679790e+02   4.5750307e-03
   4.9692230e+02   4.5739237e-03
   4.9704660e+02   4.5730954e-03
   4.9717090e+02   4.5725415e-03
   4.9729530e+02   4.5722588e-03
   4.9741960e+02   4.5722448e-03
   4.9754390e+02   4.5724962e-03
   4.9766830e+02   4.5730112e-03
   4.9779260e+02   4.5737871e-03
   4.9791690e+02   4.5748221e-03
   4.9804130e+02   4.5761163e-03
   4.9816560e+02   4.5776668e-03
   4.9828990e+02   4.5794742e-03
   4.9841430e+02   4.5815399e-03
   4.9853860e+02   4.5838605e-03
   4.9866290e+02   4.5864379e-03
   4.9878720e+02   4.5892731e-03
   4.9891160e+02   4.5923700e-03
   4.9903590e+02   4.5957256e-03
   4.9916020e+02   4.5993447e-03
   4.9928460e+02   4.6032328e-03
   4.9940890e+02   4.6073862e-03
   4.9953320e+02   4.6118099e-03
   4.9965750e+02   4.6165066e-03
   4.9978190e+02   4.6214829e-03
   4.9990620e+02   4.6267337e-03
   5.0003050e+02   4.6322654e-03
   5.0015490e+02   4.6380856e-03
   5.0027920e+02   4.6441878e-03
   5.0040350e+02   4.6505800e-03
   5.0052780e+02   4.6572655e-03
   5.0065220e+02   4.6642536e-03
   5.0077650e+02   4.6715365e-03
   5.0090080e+02   4.6791225e-03
   5.0102520e+02   4.6870210e-03
   5.0114950e+02   4.6952224e-03
   5.0127380e+02   4.7037363e-03
   5.0139810e+02   4.7125666e-03
   5.0152250e+02   4.7217247e-03
   5.0164680e+02   4.7312003e-03
   5.0177110e+02   4.7410048e-03
   5.0189550e+02   4.7511509e-03
   5.0201980e+02   4.7616262e-03
   5.0214410e+02   4.7724431e-03
   5.0226850e+02   4.7836149e-03
   5.0239280e+02   4.7951282e-03
   5.0251710e+02   4.8069968e-03
   5.0264150e+02   4.8192360e-03
   5.0276580e+02   4.8318312e-03
   5.0289010e+02   4.8447975e-03
   5.0301450e+02   4.8581508e-03
   5.0313880e+02   4.8718749e-03
   5.0326310e+02   4.8859852e-03
   5.0338750e+02   4.9004985e-03
   5.0351180e+02   4.9153963e-03
   5.0363610e+02   4.9306945e-03
   5.0376040e+02   4.9463974e-03
   5.0388480e+02   4.9625222e-03
   5.0400910e+02   4.9790471e-03
   5.0413340e+02   4.9959887e-03
   5.0425780e+02   5.0133651e-03
   5.0438210e+02   5.0311521e-03
   5.0450640e+02   5.0493669e-03
   5.0463080e+02   5.0680282e-03
   5.0475510e+02   5.0871091e-03
   5.0487940e+02   5.1066278e-03
   5.0500370e+02   5.1265871e-03
   5.0512810e+02   5.1470063e-03
   5.0525240e+02   5.1678548e-03
   5.0537670e+02   5.1891511e-03
   5.0550110e+02   5.2109147e-03
   5.0562540e+02   5.2331127e-03
   5.0574970e+02   5.2557639e-03
   5.0587400e+02   5.2788698e-03
   5.0599840e+02   5.3024508e-03
   5.0612270e+02   5.3264705e-03
   5.0624700e+02   5.3509494e-03
   5.0637140e+02   5.3759092e-03
   5.0649570e+02   5.4013114e-03
   5.0662000e+02   5.4271765e-03
   5.0674430e+02   5.4535051e-03
   5.0686870e+02   5.4803192e-03
   5.0699300e+02   5.5075758e-03
   5.0711730e+02   5.5352961e-03
   5.0724170e+02   5.5635026e-03
   5.0736600e+02   5.5921490e-03
   5.0749030e+02   5.6212564e-03
   5.0761460e+02   5.6508231e-03
   5.0773900e+02   5.6808702e-03
   5.0786330e+02   5.7113457e-03
   5.0798760e+02   5.7422688e-03
   5.0811200e+02   5.7736604e-03
   5.0823630e+02   5.8054654e-03
   5.0836060e+02   5.8377042e-03
   5.0848500e+02   5.8703984e-03
   5.0860930e+02   5.9034908e-03
   5.0873360e+02   5.9370025e-03
   5.0885800e+02   5.9709558e-03
   5.0898230e+02   6.0052906e-03
   5.0910660e+02   6.0400280e-03
   5.0923100e+02   6.0751896e-03
   5.0935530e+02   6.1107120e-03
   5.0947960e+02   6.1466156e-03
   5.0960400e+02   6.1829221e-03
   5.0972830e+02   6.2195646e-03
   5.0985260e+02   6.2565636e-03
   5.0997700e+02   6.2939403e-03
   5.1010130e+02   6.3316257e-03
   5.1022560e+02   6.3696406e-03
   5.1034990e+02   6.4079758e-03
   5.1047430e+02   6.4466534e-03
   5.1059860e+02   6.4856022e-03
   5.1072290e+02   6.5248442e-03
   5.1084730e+02   6.5644025e-03
   5.1097160e+02   6.6042047e-03
   5.1109590e+02   6.6442735e-03
   5.1122020e+02   6.6846000e-03
   5.1134460e+02   6.7252084e-03
   5.1146890e+02   6.7660248e-03
   5.1159320e+02   6.8070723e-03
   5.1171760e+02   6.8483746e-03
   5.1184190e+02   6.8898556e-03
   5.1196620e+02   6.9315382e-03
   5.1209050e+02   6.9734123e-03
   5.1221490e+02   7.0155012e-03
   5.1233920e+02   7.0577265e-03
   5.1246350e+02   7.1001110e-03
   5.1258780e+02   7.1426433e-03
   5.1271220e+02   7.1853457e-03
   5.1283650e+02   7.2281373e-03
   5.1296080e+02   7.2710399e-03
   5.1308520e+02   7.3140757e-03
   5.1320950e+02   7.3571631e-03
   5.1333380e+02   7.4003245e-03
   5.1345820e+02   7.4435824e-03
   5.1358250e+02   7.4868549e-03
   5.1370680e+02   7.5301642e-03
   5.1383120e+02   7.5735321e-03
   5.1395550e+02   7.6168750e-03
   5.1407980e+02   7.6602139e-03
   5.1420420e+02   7.7035693e-03
   5.1432850e+02   7.7468569e-03
   5.1445280e+02   7.7900966e-03
   5.1457710e+02   7.8332732e-03
   5.1470150e+02   7.8764055e-03
   5.1482580e+02   7.9194079e-03
   5.1495010e+02   7.9622992e-03
   5.1507450e+02   8.0050974e-03
   5.1519880e+02   8.0477173e-03
   5.1532310e+02   8.0901770e-03
   5.1544750e+02   8.1324941e-03
   5.1557180e+02   8.1745836e-03
   5.1569610e+02   8.2164621e-03
   5.1582050e+02   8.2581448e-03
   5.1594480e+02   8.2995458e-03
   5.1606910e+02   8.3406792e-03
   5.1619350e+02   8.3815576e-03
   5.1631780e+02   8.4220946e-03
   5.1644210e+02   8.4623020e-03
   5.1656640e+02   8.5021589e-03
   5.1669080e+02   8.5416764e-03
   5.1681510e+02   8.5807717e-03
   5.1693940e+02   8.6194588e-03
   5.1706380e+02   8.6577522e-03
   5.1718810e+02   8.6955762e-03
   5.1731240e+02   8.7329489e-03
   5.1743670e+02   8.7698592e-03
   5.1756100e+02   8.8062964e-03
   5.1768540e+02   8.8422788e-03
   5.1780970e+02   8.8777382e-03
   5.1793400e+02   8.9126927e-03
   5.1805840e+02   8.9471585e-03
   5.1818270e+02   8.9810688e-03
   5.1830700e+02   9.0144407e-03
   5.1843130e+02   9.0472638e-03
   5.1855570e+02   9.0795547e-03
   5.1868000e+02   9.1112531e-03
   5.1880430e+02   9.1423770e-03
   5.1892870e+02   9.1729425e-03
   5.1905300e+02   9.2028915e-03
   5.1917730e+02   9.2322398e-03
   5.1930170e+02   9.2610016e-03
   5.1942600e+02   9.2891223e-03
   5.1955030e+02   9.3166174e-03
   5.1967470e+02   9.3435004e-03
   5.1979900e+02   9.3697203e-03
   5.1992330e+02   9.3952906e-03
   5.2004770e+02   9.4202225e-03
   5.2017200e+02   9.4444672e-03
   5.2029630e+02   9.4680364e-03
   5.2042070e+02   9.4909396e-03
   5.2054500e+02   9.5131320e-03
   5.2066930e+02   9.5346248e-03
   5.2079370e+02   9.5554284e-03
   5.2091800e+02   9.5755044e-03
   5.2104230e+02   9.5948656e-03
   5.2116670e+02   9.6135232e-03
   5.2129100e+02   9.6314442e-03
   5.2141530e+02   9.6486411e-03
   5.2153960e+02   9.6651115e-03
   5.2166400e+02   9.6808656e-03
   5.2178830e+02   9.6958766e-03
   5.2191260e+02   9.7101563e-03
   5.2203700e+02   9.7237140e-03
   5.2216130e+02   9.7365261e-03
   5.2228560e+02   9.7486017e-03
   5.2240990e+02   9.7599384e-03
   5.2253430e+02   9.7705428e-03
   5.2265860e+02   9.7803970e-03
   5.2278290e+02   9.7895099e-03
   5.2290720e+02   9.7978822e-03
   5.2303160e+02   9.8055212e-03
   5.2315590e+02   9.8124173e-03
   5.2328020e+02   9.8185803e-03
   5.2340460e+02   9.8240190e-03
   5.2352890e+02   9.8287308e-03
   5.2365320e+02   9.8327275e-03
   5.2377750e+02   9.8360174e-03
   5.2390190e+02   9.8386112e-03
   5.2402620e+02   9.8405138e-03
   5.2415050e+02   9.8417367e-03
   5.2427490e+02   9.8422889e-03
   5.2439920e+02   9.8421776e-03
   5.2452350e+02   9.8414116e-03
   5.2464790e+02   9.8399967e-03
   5.2477220e+02   9.8379421e-03
   5.2489650e+02   9.8352541e-03
   5.2502080e+02   9.8319403e-03
   5.2514520e+02   9.8280053e-03
   5.2526950e+02   9.8234635e-03
   5.2539380e+02   9.8183202e-03
   5.2551820e+02   9.8125782e-03
   5.2564250e+02   9.8062547e-03
   5.2576680e+02   9.7993530e-03
   5.2589120e+02   9.7918739e-03
   5.2601550e+02   9.7838358e-03
   5.2613980e+02   9.7752396e-03
   5.2626420e+02   9.7660837e-03
   5.2638850e+02   9.7563892e-03
   5.2651280e+02   9.7461550e-03
   5.2663720e+02   9.7353789e-03
   5.2676150e+02   9.7240855e-03
   5.2688580e+02   9.7122742e-03
   5.2701020e+02   9.6999443e-03
   5.2713450e+02   9.6871263e-03
   5.2725880e+02   9.6738226e-03
   5.2738310e+02   9.6600465e-03
   5.2750750e+02   9.6458012e-03
   5.2763180e+02   9.6311251e-03
   5.2775610e+02   9.6160231e-03
   5.2788050e+02   9.6004986e-03
   5.2800480e+02   9.5845934e-03
   5.2812910e+02   9.5683116e-03
   5.2825340e+02   9.5516700e-03
   5.2837780e+02   9.5346711e-03
   5.2850210e+02   9.5173583e-03
   5.2862640e+02   9.4997334e-03
   5.2875080e+02   9.4817967e-03
   5.2887510e+02   9.4635912e-03
   5.2899940e+02   9.4451160e-03
   5.2912370e+02   9.4263839e-03
   5.2924810e+02   9.4073911e-03
   5.2937240e+02   9.3881789e-03
   5.2949670e+02   9.3687422e-03
   5.2962110e+02   9.3490750e-03
   5.2974540e+02   9.3292190e-03
   5.2986970e+02   9.3091685e-03
   5.2999400e+02   9.2889338e-03
   5.3011840e+02   9.2685087e-03
   5.3024270e+02   9.2479362e-03
   5.3036700e+02   9.2272099e-03
   5.3049140e+02   9.2063234e-03
   5.3061570e+02   9.1853213e-03
   5.3074000e+02   9.1641976e-03
   5.3086440e+02   9.1429455e-03
   5.3098870e+02   9.1216088e-03
   5.3111300e+02   9.1001790e-03
   5.3123740e+02   9.0786473e-03
   5.3136170e+02   9.0570557e-03
   5.3148600e+02   9.0353938e-03
   5.3161040e+02   9.0136501e-03
   5.3173470e+02   8.9918656e-03
   5.3185900e+02   8.9700280e-03
   5.3198330e+02   8.9481423e-03
   5.3210770e+02   8.9261950e-03
   5.3223200e+02   8.9042254e-03
   5.3235630e+02   8.8822189e-03
   5.3248070e+02   8.8601609e-03
   5.3260500e+02   8.8380903e-03
   5.3272930e+02   8.8159931e-03
   5.3285370e+02   8.7938561e-03
   5.3297800e+02   8.7717200e-03
   5.3310230e+02   8.7495727e-03
   5.3322670e+02   8.7274024e-03
   5.3335100e+02   8.7052502e-03
   5.3347530e+02   8.6831040e-03
   5.3359960e+02   8.6609690e-03
   5.3372400e+02   8.6388323e-03
   5.3384830e+02   8.6167339e-03
   5.3397260e+02   8.5946598e-03
   5.3409700e+02   8.5725952e-03
   5.3422130e+02   8.5505779e-03
   5.3434560e+02   8.5285919e-03
   5.3446990e+02   8.5066385e-03
   5.3459430e+02   8.4847013e-03
   5.3471860e+02   8.4628161e-03
   5.3484290e+02   8.4409654e-03
   5.3496730e+02   8.4191317e-03
   5.3509160e+02   8.3973499e-03
   5.3521590e+02   8.3756025e-03
   5.3534020e+02   8.3538889e-03
   5.3546460e+02   8.3321914e-03
   5.3558890e+02   8.3105441e-03
   5.3571320e+02   8.2889284e-03
   5.3583760e+02   8.2673255e-03
   5.3596190e+02   8.2457681e-03
   5.3608620e+02   8.2242365e-03
   5.3621050e+02   8.2027278e-03
   5.3633490e+02   8.1812219e-03
   5.3645920e+02   8.1597500e-03
   5.3658350e+02   8.1382912e-03
   5.3670790e+02   8.1168246e-03
   5.3683220e+02   8.0953814e-03
   5.3695650e+02   8.0739416e-03
   5.3708090e+02   8.0524860e-03
   5.3720520e+02   8.0310473e-03
   5.3732950e+02   8.0096067e-03
   5.3745390e+02   7.9881458e-03
   5.3757820e+02   7.9666978e-03
   5.3770250e+02   7.9452443e-03
   5.3782690e+02   7.9237669e-03
   5.3795120e+02   7.9022986e-03
   5.3807550e+02   7.8808209e-03
   5.3819990e+02   7.8593145e-03
   5.3832420e+02   7.8378123e-03
   5.3844850e+02   7.8162957e-03
   5.3857290e+02   7.7947457e-03
   5.3869720e+02   7.7731954e-03
   5.3882150e+02   7.7516257e-03
   5.3894580e+02   7.7300344e-03
   5.3907020e+02   7.7084016e-03
   5.3919450e+02   7.6867597e-03
   5.3931880e+02   7.6650897e-03
   5.3944320e+02   7.6433728e-03
   5.3956750e+02   7.6216433e-03
   5.3969180e+02   7.5998830e-03
   5.3981610e+02   7.5780911e-03
   5.3994050e+02   7.5562494e-03
   5.4006480e+02   7.5343924e-03
   5.4018910e+02   7.5125023e-03
   5.4031350e+02   7.4905621e-03
   5.4043780e+02   7.4686086e-03
   5.4056210e+02   7.4466270e-03
   5.4068640e+02   7.4246211e-03
   5.4081080e+02   7.4025782e-03
   5.4093510e+02   7.3805395e-03
   5.4105940e+02   7.3584941e-03
   5.4118370e+02   7.3364488e-03
   5.4130810e+02   7.3143933e-03
   5.4143240e+02   7.2923711e-03
   5.4155670e+02   7.2703728e-03
   5.4168110e+02   7.2483898e-03
   5.4180540e+02   7.2264668e-03
   5.4192970e+02   7.2045960e-03
   5.4205410e+02   7.1827705e-03
   5.4217840e+02   7.1610373e-03
   5.4230270e+02   7.1393918e-03
   5.4242710e+02   7.1178314e-03
   5.4255140e+02   7.0964072e-03
   5.4267570e+02   7.0751197e-03
   5.4280000e+02   7.0539882e-03
   5.4292440e+02   7.0330168e-03
   5.4304870e+02   7.0122623e-03
   5.4317300e+02   6.9917323e-03
   5.4329740e+02   6.9714374e-03
   5.4342170e+02   6.9514390e-03
   5.4354600e+02   6.9317523e-03
   5.4367040e+02   6.9123957e-03
   5.4379470e+02   6.8934371e-03
   5.4391900e+02   6.8748993e-03
   5.4404340e+02   6.8568086e-03
   5.4416770e+02   6.8392365e-03
   5.4429200e+02   6.8222128e-03
   5.4441640e+02   6.8057714e-03
   5.4454070e+02   6.7899881e-03
   5.4466500e+02   6.7749007e-03
   5.4478940e+02   6.7605522e-03
   5.4491370e+02   6.7470223e-03
   5.4503800e+02   6.7343586e-03
   5.4516230e+02   6.7226237e-03
   5.4528670e+02   6.7118748e-03
   5.4541100e+02   6.7021983e-03
   5.4553530e+02   6.6936578e-03
   5.4565960e+02   6.6863301e-03
   5.4578400e+02   6.6802912e-03
   5.4590830e+02   6.6756346e-03
   5.4603260e+02   6.6724420e-03
   5.4615700e+02   6.6708033e-03
   5.4628130e+02   6.6708149e-03
   5.4640560e+02   6.6725727e-03
   5.4652990e+02   6.6761777e-03
   5.4665430e+02   6.6817399e-03
   5.4677860e+02   6.6893590e-03
   5.4690290e+02   6.6991509e-03
   5.4702720e+02   6.7112313e-03
   5.4715160e+02   6.7257326e-03
   5.4727590e+02   6.7427547e-03
   5.4740020e+02   6.7624355e-03
   5.4752460e+02   6.7849260e-03
   5.4764890e+02   6.8103265e-03
   5.4777320e+02   6.8387955e-03
   5.4789760e+02   6.8705063e-03
   5.4802190e+02   6.9055599e-03
   5.4814620e+02   6.9441374e-03
   5.4827060e+02   6.9864361e-03
   5.4839490e+02   7.0325549e-03
   5.4851920e+02   7.0826981e-03
   5.4864360e+02   7.1370883e-03
   5.4876790e+02   7.1958204e-03
   5.4889220e+02   7.2591242e-03
   5.4901660e+02   7.3272487e-03
   5.4914090e+02   7.4002814e-03
   5.4926520e+02   7.4784769e-03
   5.4938960e+02   7.5621114e-03
   5.4951390e+02   7.6512621e-03
   5.4963820e+02   7.7462109e-03
   5.4976250e+02   7.8471791e-03
   5.4988690e+02   7.9544819e-03
   5.5001120e+02   8.0681780e-03
   5.5013550e+02   8.1885867e-03
   5.5025990e+02   8.3160533e-03
   5.5038420e+02   8.4506175e-03
   5.5050850e+02   8.5926283e-03
   5.5063290e+02   8.7424636e-03
   5.5075720e+02   8.9001419e-03
   5.5088150e+02   9.0660450e-03
   5.5100580e+02   9.2404417e-03
   5.5113020e+02   9.4237567e-03
   5.5125450e+02   9.6159737e-03
   5.5137880e+02   9.8175192e-03
   5.5150320e+02   1.0028854e-02
   5.5162750e+02   1.0249931e-02
   5.5175180e+02   1.0481212e-02
   5.5187610e+02   1.0722996e-02
   5.5200050e+02   1.0975795e-02
   5.5212480e+02   1.1239511e-02
   5.5224910e+02   1.1514652e-02
   5.5237340e+02   1.1801532e-02
   5.5249780e+02   1.2100713e-02
   5.5262210e+02   1.2412032e-02
   5.5274640e+02   1.2736049e-02
   5.5287080e+02   1.3073365e-02
   5.5299510e+02   1.3423763e-02
   5.5311940e+02   1.3787841e-02
   5.5324380e+02   1.4166241e-02
   5.5336810e+02   1.4558690e-02
   5.5349240e+02   1.4965821e-02
   5.5361670e+02   1.5387974e-02
   5.5374110e+02   1.5825846e-02
   5.5386540e+02   1.6279074e-02
   5.5398970e+02   1.6748346e-02
   5.5411410e+02   1.7234399e-02
   5.5423840e+02   1.7736797e-02
   5.5436270e+02   1.8256264e-02
   5.5448710e+02   1.8793582e-02
   5.5461140e+02   1.9348228e-02
   5.5473570e+02   1.9920968e-02
   5.5486010e+02   2.0512622e-02
   5.5498440e+02   2.1122575e-02
   5.5510870e+02   2.1751631e-02
   5.5523310e+02   2.2400650e-02
   5.5535740e+02   2.3068916e-02
   5.5548170e+02   2.3757267e-02
   5.5560610e+02   2.4466600e-02
   5.5573040e+02   2.5196090e-02
   5.5585470e+02   2.5946609e-02
   5.5597910e+02   2.6719093e-02
   5.5610340e+02   2.7512601e-02
   5.5622770e+02   2.8328039e-02
   5.5635200e+02   2.9165694e-02
   5.5647640e+02   3.0026552e-02
   5.5660070e+02   3.0909502e-02
   5.5672500e+02   3.1815495e-02
   5.5684930e+02   3.2744791e-02
   5.5697370e+02   3.3698418e-02
   5.5709800e+02   3.4675087e-02
   5.5722230e+02   3.5675791e-02
   5.5734670e+02   3.6701592e-02
   5.5747100e+02   3.7751063e-02
   5.5759530e+02   3.8825228e-02
   5.5771960e+02   3.9924290e-02
   5.5784400e+02   4.1049354e-02
   5.5796830e+02   4.2198791e-02
   5.5809260e+02   4.3373664e-02
   5.5821700e+02   4.4575105e-02
   5.5834130e+02   4.5801325e-02
   5.5846560e+02   4.7053410e-02
   5.5858990e+02   4.8331477e-02
   5.5871430e+02   4.9636695e-02
   5.5883860e+02   5.0967061e-02
   5.5896290e+02   5.2323698e-02
   5.5908730e+02   5.3707806e-02
   5.5921160e+02   5.5117221e-02
   5.5933590e+02   5.6553099e-02
   5.5946030e+02   5.8016667e-02
   5.5958460e+02   5.9505601e-02
   5.5970890e+02   6.1021084e-02
   5.5983330e+02   6.2564372e-02
   5.5995760e+02   6.4132978e-02
   5.6008190e+02   6.5728114e-02
   5.6020630e+02   6.7351069e-02
   5.6033060e+02   6.8999196e-02
   5.6045490e+02   7.0673742e-02
   5.6057920e+02   7.2374648e-02
   5.6070360e+02   7.4103246e-02
   5.6082790e+02   7.5856675e-02
   5.6095220e+02   7.7636216e-02
   5.6107660e+02   7.9443221e-02
   5.6120090e+02   8.1274654e-02
   5.6132520e+02   8.3131813e-02
   5.6144960e+02   8.5016063e-02
   5.6157390e+02   8.6924200e-02
   5.6169820e+02   8.8857543e-02
   5.6182260e+02   9.0817481e-02
   5.6194690e+02   9.2800656e-02
   5.6207120e+02   9.4808415e-02
   5.6219550e+02   9.6840533e-02
   5.6231990e+02   9.8898438e-02
   5.6244420e+02   1.0097858e-01
   5.6256850e+02   1.0308235e-01
   5.6269290e+02   1.0521120e-01
   5.6281720e+02   1.0736146e-01
   5.6294150e+02   1.0953453e-01
   5.6306580e+02   1.1173013e-01
   5.6319020e+02   1.1394974e-01
   5.6331450e+02   1.1618948e-01
   5.6343880e+02   1.1845082e-01
   5.6356320e+02   1.2073524e-01
   5.6368750e+02   1.2303875e-01
   5.6381180e+02   1.2536281e-01
   5.6393610e+02   1.2770707e-01
   5.6406050e+02   1.3007306e-01
   5.6418480e+02   1.3245662e-01
   5.6430910e+02   1.3485924e-01
   5.6443340e+02   1.3728056e-01
   5.6455780e+02   1.3972215e-01
   5.6468210e+02   1.4217968e-01
   5.6480640e+02   1.4465471e-01
   5.6493080e+02   1.4714882e-01
   5.6505510e+02   1.4965760e-01
   5.6517940e+02   1.5218259e-01
   5.6530380e+02   1.5472540e-01
   5.6542810e+02   1.5728150e-01
   5.6555240e+02   1.5985246e-01
   5.6567680e+02   1.6243991e-01
   5.6580110e+02   1.6503922e-01
   5.6592540e+02   1.6765199e-01
   5.6604980e+02   1.7027989e-01
   5.6617410e+02   1.7291823e-01
   5.6629840e+02   1.7556866e-01
   5.6642280e+02   1.7823288e-01
   5.6654710e+02   1.8090616e-01
   5.6667140e+02   1.8359023e-01
   5.6679580e+02   1.8628681e-01
   5.6692010e+02   1.8899117e-01
   5.6704440e+02   1.9170505e-01
   5.6716880e+02   1.9443024e-01
   5.6729310e+02   1.9716196e-01
   5.6741740e+02   1.9990201e-01
   5.6754170e+02   2.0265000e-01
   5.6766610e+02   2.0540775e-01
   5.6779040e+02   2.0817044e-01
   5.6791470e+02   2.1093991e-01
   5.6803910e+02   2.1371799e-01
   5.6816340e+02   2.1649984e-01
   5.6828770e+02   2.1928730e-01
   5.6841200e+02   2.2207998e-01
   5.6853640e+02   2.2487974e-01
   5.6866070e+02   2.2768171e-01
   5.6878500e+02   2.3048775e-01
   5.6890940e+02   2.3329975e-01
   5.6903370e+02   2.3611280e-01
   5.6915800e+02   2.3892879e-01
   5.6928230e+02   2.4174735e-01
   5.6940670e+02   2.4457037e-01
   5.6953100e+02   2.4739292e-01
   5.6965530e+02   2.5021690e-01
   5.6977960e+02   2.5304191e-01
   5.6990400e+02   2.5586985e-01
   5.7002830e+02   2.5869576e-01
   5.7015260e+02   2.6152152e-01
   5.7027700e+02   2.6434901e-01
   5.7040130e+02   2.6717327e-01
   5.7052560e+02   2.6999617e-01
   5.7065000e+02   2.7281959e-01
   5.7077430e+02   2.7563858e-01
   5.7089860e+02   2.7845504e-01
   5.7102290e+02   2.8126860e-01
   5.7114730e+02   2.8408117e-01
   5.7127160e+02   2.8688791e-01
   5.7139590e+02   2.8969078e-01
   5.7152030e+02   2.9249172e-01
   5.7164460e+02   2.9528597e-01
   5.7176890e+02   2.9807552e-01
   5.7189330e+02   3.0086236e-01
   5.7201760e+02   3.0364177e-01
   5.7214190e+02   3.0641575e-01
   5.7226630e+02   3.0918631e-01
   5.7239060e+02   3.1194876e-01
   5.7251490e+02   3.1470512e-01
   5.7263930e+02   3.1745736e-01
   5.7276360e+02   3.2020083e-01
   5.7288790e+02   3.2293753e-01
   5.7301230e+02   3.2566941e-01
   5.7313660e+02   3.2839186e-01
   5.7326090e+02   3.3110684e-01
   5.7338530e+02   3.3381631e-01
   5.7350960e+02   3.3651568e-01
   5.7363390e+02   3.3920690e-01
   5.7375820e+02   3.4188975e-01
   5.7388260e+02   3.4456614e-01
   5.7400690e+02   3.4723154e-01
   5.7413120e+02   3.4988785e-01
   5.7425550e+02   3.5253483e-01
   5.7437990e+02   3.5517436e-01
   5.7450420e+02   3.5780193e-01
   5.7462850e+02   3.6041941e-01
   5.7475290e+02   3.6302860e-01
   5.7487720e+02   3.6562505e-01
   5.7500150e+02   3.6821057e-01
   5.7512580e+02   3.7078486e-01
   5.7525020e+02   3.7334968e-01
   5.7537450e+02   3.7590060e-01
   5.7549880e+02   3.7843939e-01
   5.7562320e+02   3.8096777e-01
   5.7574750e+02   3.8348137e-01
   5.7587180e+02   3.8598192e-01
   5.7599610e+02   3.8846911e-01
   5.7612050e+02   3.9094464e-01
   5.7624480e+02   3.9340421e-01
   5.7636910e+02   3.9584953e-01
   5.7649350e+02   3.9828224e-01
   5.7661780e+02   4.0069814e-01
   5.7674210e+02   4.0309890e-01
   5.7686650e+02   4.0548612e-01
   5.7699080e+02   4.0785565e-01
   5.7711510e+02   4.1020910e-01
   5.7723950e+02   4.1254801e-01
   5.7736380e+02   4.1486829e-01
   5.7748810e+02   4.1717146e-01
   5.7761250e+02   4.1945899e-01
   5.7773680e+02   4.2172680e-01
   5.7786110e+02   4.2397635e-01
   5.7798540e+02   4.2620722e-01
   5.7810980e+02   4.2842076e-01
   5.7823410e+02   4.3061300e-01
   5.7835840e+02   4.3278529e-01
   5.7848280e+02   4.3493893e-01
   5.7860710e+02   4.3707003e-01
   5.7873140e+02   4.3917991e-01
   5.7885580e+02   4.4126981e-01
   5.7898010e+02   4.4333593e-01
   5.7910440e+02   4.4537954e-01
   5.7922880e+02   4.4740182e-01
   5.7935310e+02   4.4939909e-01
   5.7947740e+02   4.5137253e-01
   5.7960170e+02   4.5332173e-01
   5.7972610e+02   4.5524777e-01
   5.7985040e+02   4.5714713e-01
   5.7997470e+02   4.5902094e-01
   5.8009910e+02   4.6087023e-01
   5.8022340e+02   4.6269160e-01
   5.8034770e+02   4.6448611e-01
   5.8047200e+02   4.6625335e-01
   5.8059640e+02   4.6799426e-01
   5.8072070e+02   4.6970563e-01
   5.8084500e+02   4.7138844e-01
   5.8096930e+02   4.7304227e-01
   5.8109370e+02   4.7466801e-01
   5.8121800e+02   4.7626264e-01
   5.8134230e+02   4.7782710e-01
   5.8146670e+02   4.7936222e-01
   5.8159100e+02   4.8086516e-01
   5.8171530e+02   4.8233684e-01
   5.8183960e+02   4.8377690e-01
   5.8196400e+02   4.8518617e-01
   5.8208830e+02   4.8656206e-01
   5.8221260e+02   4.8790544e-01
   5.8233700e+02   4.8921711e-01
   5.8246130e+02   4.9049473e-01
   5.8258560e+02   4.9173915e-01
   5.8271000e+02   4.9295117e-01
   5.8283430e+02   4.9412869e-01
   5.8295860e+02   4.9527257e-01
   5.8308300e+02   4.9638361e-01
   5.8320730e+02   4.9745995e-01
   5.8333160e+02   4.9850246e-01
   5.8345600e+02   4.9951195e-01
   5.8358030e+02   5.0048682e-01
   5.8370460e+02   5.0142797e-01
   5.8382900e+02   5.0233623e-01
   5.8395330e+02   5.0321026e-01
   5.8407760e+02   5.0405098e-01
   5.8420200e+02   5.0485924e-01
   5.8432630e+02   5.0563396e-01
   5.8445060e+02   5.0637609e-01
   5.8457500e+02   5.0708647e-01
   5.8469930e+02   5.0776431e-01
   5.8482360e+02   5.0841056e-01
   5.8494790e+02   5.0902563e-01
   5.8507230e+02   5.0961044e-01
   5.8519660e+02   5.1016453e-01
   5.8532090e+02   5.1068892e-01
   5.8544530e+02   5.1118459e-01
   5.8556960e+02   5.1165138e-01
   5.8569390e+02   5.1209038e-01
   5.8581820e+02   5.1250234e-01
   5.8594260e+02   5.1288836e-01
   5.8606690e+02   5.1324867e-01
   5.8619120e+02   5.1358452e-01
   5.8631550e+02   5.1389687e-01
   5.8643990e+02   5.1418699e-01
   5.8656420e+02   5.1445548e-01
   5.8668850e+02   5.1470373e-01
   5.8681290e+02   5.1493310e-01
   5.8693720e+02   5.1514444e-01
   5.8706150e+02   5.1533922e-01
   5.8718580e+02   5.1551872e-01
   5.8731020e+02   5.1568441e-01
   5.8743450e+02   5.1583736e-01
   5.8755880e+02   5.1597906e-01
   5.8768320e+02   5.1611098e-01
   5.8780750e+02   5.1623424e-01
   5.8793180e+02   5.1635028e-01
   5.8805620e+02   5.1646051e-01
   5.8818050e+02   5.1656598e-01
   5.8830480e+02   5.1666801e-01
   5.8842920e+02   5.1676782e-01
   5.8855350e+02   5.1686631e-01
   5.8867780e+02   5.1696457e-01
   5.8880210e+02   5.1706352e-01
   5.8892650e+02   5.1716408e-01
   5.8905080e+02   5.1726690e-01
   5.8917510e+02   5.1737279e-01
   5.8929950e+02   5.1748250e-01
   5.8942380e+02   5.1759649e-01
   5.8954810e+02   5.1771540e-01
   5.8967250e+02   5.1783986e-01
   5.8979680e+02   5.1797015e-01
   5.8992110e+02   5.1810678e-01
   5.9004550e+02   5.1825023e-01
   5.9016980e+02   5.1840060e-01
   5.9029410e+02   5.1855824e-01
   5.9041850e+02   5.1872349e-01
   5.9054280e+02   5.1889622e-01
   5.9066710e+02   5.1907665e-01
   5.9079140e+02   5.1926484e-01
   5.9091580e+02   5.1946095e-01
   5.9104010e+02   5.1966462e-01
   5.9116440e+02   5.1987594e-01
   5.9128880e+02   5.2009501e-01
   5.9141310e+02   5.2032132e-01
   5.9153740e+02   5.2055491e-01
   5.9166170e+02   5.2079557e-01
   5.9178610e+02   5.2104330e-01
   5.9191040e+02   5.2129743e-01
   5.9203470e+02   5.2155789e-01
   5.9215910e+02   5.2182458e-01
   5.9228340e+02   5.2209673e-01
   5.9240770e+02   5.2237421e-01
   5.9253200e+02   5.2265664e-01
   5.9265640e+02   5.2294387e-01
   5.9278070e+02   5.2323507e-01
   5.9290500e+02   5.2353011e-01
   5.9302940e+02   5.2382888e-01
   5.9315370e+02   5.2413057e-01
   5.9327800e+02   5.2443514e-01
   5.9340230e+02   5.2474230e-01
   5.9352670e+02   5.2505205e-01
   5.9365100e+02   5.2536366e-01
   5.9377530e+02   5.2567712e-01
   5.9389970e+02   5.2599244e-01
   5.9402400e+02   5.2630885e-01
   5.9414830e+02   5.2662632e-01
   5.9427270e+02   5.2694480e-01
   5.9439700e+02   5.2726342e-01
   5.9452130e+02   5.2758207e-01
   5.9464570e+02   5.2790059e-01
   5.9477000e+02   5.2821803e-01
   5.9489430e+02   5.2853418e-01
   5.9501870e+02   5.2884881e-01
   5.9514300e+02   5.2916091e-01
   5.9526730e+02   5.2947023e-01
   5.9539170e+02   5.2977650e-01
   5.9551600e+02   5.3007873e-01
   5.9564030e+02   5.3037666e-01
   5.9576460e+02   5.3066981e-01
   5.9588900e+02   5.3095794e-01
   5.9601330e+02   5.3124013e-01
   5.9613760e+02   5.3151617e-01
   5.9626200e+02   5.3178587e-01
   5.9638630e+02   5.3204838e-01
   5.9651060e+02   5.3230354e-01
   5.9663500e+02   5.3255117e-01
   5.9675930e+02   5.3279053e-01
   5.9688360e+02   5.3302147e-01
   5.9700790e+02   5.3324366e-01
   5.9713230e+02   5.3345695e-01
   5.9725660e+02   5.3366067e-01
   5.9738090e+02   5.3385467e-01
   5.9750530e+02   5.3403880e-01
   5.9762960e+02   5.3421246e-01
   5.9775390e+02   5.3437550e-01
   5.9787820e+02   5.3452765e-01
   5.9800260e+02   5.3466874e-01
   5.9812690e+02   5.3479828e-01
   5.9825120e+02   5.3491613e-01
   5.9837550e+02   5.3502205e-01
   5.9849990e+02   5.3511589e-01
   5.9862420e+02   5.3519728e-01
   5.9874850e+02   5.3526611e-01
   5.9887290e+02   5.3532227e-01
   5.9899720e+02   5.3536549e-01
   5.9912150e+02   5.3539571e-01
   5.9924580e+02   5.3541279e-01
   5.9937020e+02   5.3541662e-01
   5.9949450e+02   5.3540709e-01
   5.9961880e+02   5.3538412e-01
   5.9974320e+02   5.3534756e-01
   5.9986750e+02   5.3529740e-01
   5.9999180e+02   5.3523351e-01
   6.0011620e+02   5.3515574e-01
   6.0024050e+02   5.3506414e-01
   6.0036480e+02   5.3495857e-01
   6.0048920e+02   5.3483887e-01
   6.0061350e+02   5.3470516e-01
   6.0073780e+02   5.3455732e-01
   6.0086220e+02   5.3439517e-01
   6.0098650e+02   5.3421894e-01
   6.0111080e+02   5.3402849e-01
   6.0123520e+02   5.3382363e-01
   6.0135950e+02   5.3360469e-01
   6.0148380e+02   5.3337149e-01
   6.0160820e+02   5.3312383e-01
   6.0173250e+02   5.3286211e-01
   6.0185680e+02   5.3258616e-01
   6.0198120e+02   5.3229575e-01
   6.0210550e+02   5.3199138e-01
   6.0222980e+02   5.3167288e-01
   6.0235410e+02   5.3134030e-01
   6.0247850e+02   5.3099343e-01
   6.0260280e+02   5.3063294e-01
   6.0272710e+02   5.3025864e-01
   6.0285140e+02   5.2987067e-01
   6.0297580e+02   5.2946882e-01
   6.0310010e+02   5.2905391e-01
   6.0322440e+02   5.2862575e-01
   6.0334880e+02   5.2818416e-01
   6.0347310e+02   5.2773001e-01
   6.0359740e+02   5.2726312e-01
   6.0372170e+02   5.2678366e-01
   6.0384610e+02   5.2629142e-01
   6.0397040e+02   5.2578735e-01
   6.0409470e+02   5.2527127e-01
   6.0421910e+02   5.2474293e-01
   6.0434340e+02   5.2420337e-01
   6.0446770e+02   5.2365238e-01
   6.0459200e+02   5.2309016e-01
   6.0471640e+02   5.2251644e-01
   6.0484070e+02   5.2193232e-01
   6.0496500e+02   5.2133755e-01
   6.0508940e+02   5.2073180e-01
   6.0521370e+02   5.2011624e-01
   6.0533800e+02   5.1949055e-01
   6.0546240e+02   5.1885438e-01
   6.0558670e+02   5.1820893e-01
   6.0571100e+02   5.1755385e-01
   6.0583540e+02   5.1688876e-01
   6.0595970e+02   5.1621487e-01
   6.0608400e+02   5.1553180e-01
   6.0620830e+02   5.1483967e-01
   6.0633270e+02   5.1413806e-01
   6.0645700e+02   5.1342821e-01
   6.0658130e+02   5.1270968e-01
   6.0670570e+02   5.1198199e-01
   6.0683000e+02   5.1124643e-01
   6.0695430e+02   5.1050252e-01
   6.0707870e+02   5.0974974e-01
   6.0720300e+02   5.0898939e-01
   6.0732730e+02   5.0822092e-01
   6.0745170e+02   5.0744377e-01
   6.0757600e+02   5.0665924e-01
   6.0770030e+02   5.0586673e-01
   6.0782470e+02   5.0506562e-01
   6.0794900e+02   5.0425725e-01
   6.0807330e+02   5.0344099e-01
   6.0819760e+02   5.0261688e-01
   6.0832200e+02   5.0178429e-01
   6.0844630e+02   5.0094461e-01
   6.0857060e+02   5.0009721e-01
   6.0869500e+02   4.9924147e-01
   6.0881930e+02   4.9837880e-01
   6.0894360e+02   4.9750860e-01
   6.0906790e+02   4.9663092e-01
   6.0919230e+02   4.9574512e-01
   6.0931660e+02   4.9485269e-01
   6.0944090e+02   4.9395300e-01
   6.0956520e+02   4.9304614e-01
   6.0968960e+02   4.9213144e-01
   6.0981390e+02   4.9121048e-01
   6.0993820e+02   4.9028262e-01
   6.1006260e+02   4.8934721e-01
   6.1018690e+02   4.8840588e-01
   6.1031120e+02   4.8745800e-01
   6.1043550e+02   4.8650372e-01
   6.1055990e+02   4.8554240e-01
   6.1068420e+02   4.8457575e-01
   6.1080850e+02   4.8360314e-01
   6.1093290e+02   4.8262394e-01
   6.1105720e+02   4.8163988e-01
   6.1118150e+02   4.8065033e-01
   6.1130590e+02   4.7965461e-01
   6.1143020e+02   4.7865449e-01
   6.1155450e+02   4.7764930e-01
   6.1167890e+02   4.7663837e-01
   6.1180320e+02   4.7562347e-01
   6.1192750e+02   4.7460394e-01
   6.1205190e+02   4.7357912e-01
   6.1217620e+02   4.7255082e-01
   6.1230050e+02   4.7151839e-01
   6.1242490e+02   4.7048117e-01
   6.1254920e+02   4.6944101e-01
   6.1267350e+02   4.6839725e-01
   6.1279790e+02   4.6734921e-01
   6.1292220e+02   4.6629875e-01
   6.1304650e+02   4.6524515e-01
   6.1317080e+02   4.6418856e-01
   6.1329520e+02   4.6312823e-01
   6.1341950e+02   4.6206598e-01
   6.1354380e+02   4.6100105e-01
   6.1366820e+02   4.5993270e-01
   6.1379250e+02   4.5886274e-01
   6.1391680e+02   4.5779041e-01
   6.1404120e+02   4.5671496e-01
   6.1416550e+02   4.5563822e-01
   6.1428980e+02   4.5455943e-01
   6.1441410e+02   4.5347870e-01
   6.1453850e+02   4.5239525e-01
   6.1466280e+02   4.5131092e-01
   6.1478710e+02   4.5022492e-01
   6.1491140e+02   4.4913732e-01
   6.1503580e+02   4.4804731e-01
   6.1516010e+02   4.4695671e-01
   6.1528440e+02   4.4586468e-01
   6.1540880e+02   4.4477036e-01
   6.1553310e+02   4.4367554e-01
   6.1565740e+02   4.4257932e-01
   6.1578170e+02   4.4148170e-01
   6.1590610e+02   4.4038174e-01
   6.1603040e+02   4.3928118e-01
   6.1615470e+02   4.3817909e-01
   6.1627910e+02   4.3707453e-01
   6.1640340e+02   4.3596922e-01
   6.1652770e+02   4.3486224e-01
   6.1665210e+02   4.3375265e-01
   6.1677640e+02   4.3264219e-01
   6.1690070e+02   4.3152994e-01
   6.1702500e+02   4.3041586e-01
   6.1714940e+02   4.2929902e-01
   6.1727370e+02   4.2818118e-01
   6.1739800e+02   4.2706140e-01
   6.1752240e+02   4.2593876e-01
   6.1764670e+02   4.2481501e-01
   6.1777100e+02   4.2368921e-01
   6.1789540e+02   4.2256040e-01
   6.1801970e+02   4.2143036e-01
   6.1814400e+02   4.2029813e-01
   6.1826840e+02   4.1916272e-01
   6.1839270e+02   4.1802592e-01
   6.1851700e+02   4.1688674e-01
   6.1864140e+02   4.1574421e-01
   6.1876570e+02   4.1460009e-01
   6.1889000e+02   4.1345343e-01
   6.1901440e+02   4.1230325e-01
   6.1913870e+02   4.1115137e-01
   6.1926300e+02   4.0999684e-01
   6.1938730e+02   4.0883965e-01
   6.1951170e+02   4.0767888e-01
   6.1963600e+02   4.0651640e-01
   6.1976030e+02   4.0535130e-01
   6.1988470e+02   4.0418266e-01
   6.2000900e+02   4.0301238e-01
   6.2013330e+02   4.0183957e-01
   6.2025760e+02   4.0066424e-01
   6.2038200e+02   3.9948550e-01
   6.2050630e+02   3.9830528e-01
   6.2063060e+02   3.9712268e-01
   6.2075500e+02   3.9593679e-01
   6.2087930e+02   3.9474956e-01
   6.2100360e+02   3.9356010e-01
   6.2112790e+02   3.9236846e-01
   6.2125230e+02   3.9117376e-01
   6.2137660e+02   3.8997799e-01
   6.2150090e+02   3.8878028e-01
   6.2162530e+02   3.8757974e-01
   6.2174960e+02   3.8637842e-01
   6.2187390e+02   3.8517547e-01
   6.2199820e+02   3.8397101e-01
   6.2212260e+02   3.8276420e-01
   6.2224690e+02   3.8155715e-01
   6.2237120e+02   3.8034902e-01
   6.2249560e+02   3.7913901e-01
   6.2261990e+02   3.7792922e-01
   6.2274420e+02   3.7671884e-01
   6.2286860e+02   3.7550706e-01
   6.2299290e+02   3.7429601e-01
   6.2311720e+02   3.7308490e-01
   6.2324160e+02   3.7187295e-01
   6.2336590e+02   3.7066230e-01
   6.2349020e+02   3.6945219e-01
   6.2361460e+02   3.6824186e-01
   6.2373890e+02   3.6703348e-01
   6.2386320e+02   3.6582630e-01
   6.2398750e+02   3.6462054e-01
   6.2411190e+02   3.6341545e-01
   6.2423620e+02   3.6221319e-01
   6.2436050e+02   3.6101302e-01
   6.2448490e+02   3.5981417e-01
   6.2460920e+02   3.5861882e-01
   6.2473350e+02   3.5742619e-01
   6.2485790e+02   3.5623556e-01
   6.2498220e+02   3.5504904e-01
   6.2510650e+02   3.5386589e-01
   6.2523090e+02   3.5268535e-01
   6.2535520e+02   3.5150954e-01
   6.2547950e+02   3.5033770e-01
   6.2560380e+02   3.4917004e-01
   6.2572820e+02   3.4800585e-01
   6.2585250e+02   3.4684721e-01
   6.2597680e+02   3.4569341e-01
   6.2610120e+02   3.4454377e-01
   6.2622550e+02   3.4340037e-01
   6.2634980e+02   3.4226254e-01
   6.2647410e+02   3.4113053e-01
   6.2659850e+02   3.4000369e-01
   6.2672280e+02   3.3888410e-01
   6.2684710e+02   3.3777111e-01
   6.2697150e+02   3.3666410e-01
   6.2709580e+02   3.3556510e-01
   6.2722010e+02   3.3447345e-01
   6.2734440e+02   3.3338940e-01
   6.2746880e+02   3.3231227e-01
   6.2759310e+02   3.3124400e-01
   6.2771740e+02   3.3018388e-01
   6.2784170e+02   3.2913204e-01
   6.2796610e+02   3.2808777e-01
   6.2809040e+02   3.2705286e-01
   6.2821470e+02   3.2602654e-01
   6.2833910e+02   3.2500806e-01
   6.2846340e+02   3.2399908e-01
   6.2858770e+02   3.2299881e-01
   6.2871210e+02   3.2200643e-01
   6.2883640e+02   3.2102349e-01
   6.2896070e+02   3.2004914e-01
   6.2908510e+02   3.1908252e-01
   6.2920940e+02   3.1812507e-01
   6.2933370e+02   3.1717592e-01
   6.2945810e+02   3.1623416e-01
   6.2958240e+02   3.1530118e-01
   6.2970670e+02   3.1437605e-01
   6.2983110e+02   3.1345789e-01
   6.2995540e+02   3.1254800e-01
   6.3007970e+02   3.1164547e-01
   6.3020410e+02   3.1074942e-01
   6.3032840e+02   3.0986113e-01
   6.3045270e+02   3.0897971e-01
   6.3057710e+02   3.0810432e-01
   6.3070140e+02   3.0723620e-01
   6.3082570e+02   3.0637450e-01
   6.3095000e+02   3.0551906e-01
   6.3107440e+02   3.0466906e-01
   6.3119870e+02   3.0382569e-01
   6.3132300e+02   3.0298813e-01
   6.3144740e+02   3.0215555e-01
   6.3157170e+02   3.0132915e-01
   6.3169600e+02   3.0050811e-01
   6.3182030e+02   2.9969228e-01
   6.3194470e+02   2.9888089e-01
   6.3206900e+02   2.9807511e-01
   6.3219330e+02   2.9727416e-01
   6.3231760e+02   2.9647791e-01
   6.3244200e+02   2.9568560e-01
   6.3256630e+02   2.9489839e-01
   6.3269060e+02   2.9411551e-01
   6.3281500e+02   2.9333620e-01
   6.3293930e+02   2.9256161e-01
   6.3306360e+02   2.9179097e-01
   6.3318790e+02   2.9102415e-01
   6.3331230e+02   2.9026041e-01
   6.3343660e+02   2.8950085e-01
   6.3356090e+02   2.8874474e-01
   6.3368530e+02   2.8799135e-01
   6.3380960e+02   2.8724178e-01
   6.3393390e+02   2.8649534e-01
   6.3405830e+02   2.8575132e-01
   6.3418260e+02   2.8501083e-01
   6.3430690e+02   2.8427317e-01
   6.3443130e+02   2.8353768e-01
   6.3455560e+02   2.8280543e-01
   6.3467990e+02   2.8207575e-01
   6.3480420e+02   2.8134854e-01
   6.3492860e+02   2.8062312e-01
   6.3505290e+02   2.7990057e-01
   6.3517720e+02   2.7918018e-01
   6.3530160e+02   2.7846129e-01
   6.3542590e+02   2.7774492e-01
   6.3555020e+02   2.7703039e-01
   6.3567460e+02   2.7631699e-01
   6.3579890e+02   2.7560575e-01
   6.3592320e+02   2.7489596e-01
   6.3604760e+02   2.7418694e-01
   6.3617190e+02   2.7347968e-01
   6.3629620e+02   2.7277349e-01
   6.3642060e+02   2.7206768e-01
   6.3654490e+02   2.7136326e-01
   6.3666920e+02   2.7065954e-01
   6.3679350e+02   2.6995638e-01
   6.3691790e+02   2.6925309e-01
   6.3704220e+02   2.6855066e-01
   6.3716650e+02   2.6784840e-01
   6.3729090e+02   2.6714559e-01
   6.3741520e+02   2.6644323e-01
   6.3753950e+02   2.6574060e-01
   6.3766380e+02   2.6503756e-01
   6.3778820e+02   2.6433338e-01
   6.3791250e+02   2.6362906e-01
   6.3803680e+02   2.6292387e-01
   6.3816110e+02   2.6221768e-01
   6.3828550e+02   2.6150977e-01
   6.3840980e+02   2.6080114e-01
   6.3853410e+02   2.6009109e-01
   6.3865850e+02   2.5937893e-01
   6.3878280e+02   2.5866565e-01
   6.3890710e+02   2.5795057e-01
   6.3903140e+02   2.5723355e-01
   6.3915580e+02   2.5651389e-01
   6.3928010e+02   2.5579263e-01
   6.3940440e+02   2.5506907e-01
   6.3952880e+02   2.5434251e-01
   6.3965310e+02   2.5361400e-01
   6.3977740e+02   2.5288285e-01
   6.3990180e+02   2.5214836e-01
   6.4002610e+02   2.5141163e-01
   6.4015040e+02   2.5067197e-01
   6.4027480e+02   2.4992868e-01
   6.4039910e+02   2.4918289e-01
   6.4052340e+02   2.4843391e-01
   6.4064780e+02   2.4768105e-01
   6.4077210e+02   2.4692546e-01
   6.4089640e+02   2.4616647e-01
   6.4102080e+02   2.4540339e-01
   6.4114510e+02   2.4463740e-01
   6.4126940e+02   2.4386785e-01
   6.4139380e+02   2.4309407e-01
   6.4151810e+02   2.4231729e-01
   6.4164240e+02   2.4153685e-01
   6.4176670e+02   2.4075275e-01
   6.4189110e+02   2.3996435e-01
   6.4201540e+02   2.3917292e-01
   6.4213970e+02   2.3837784e-01
   6.4226410e+02   2.3757850e-01
   6.4238840e+02   2.3677623e-01
   6.4251270e+02   2.3597042e-01
   6.4263700e+02   2.3516113e-01
   6.4276140e+02   2.3434779e-01
   6.4288570e+02   2.3353176e-01
   6.4301000e+02   2.3271249e-01
   6.4313440e+02   2.3188941e-01
   6.4325870e+02   2.3106396e-01
   6.4338300e+02   2.3023558e-01
   6.4350730e+02   2.2940442e-01
   6.4363170e+02   2.2856994e-01
   6.4375600e+02   2.2773364e-01
   6.4388030e+02   2.2689502e-01
   6.4400470e+02   2.2605358e-01
   6.4412900e+02   2.2521086e-01
   6.4425330e+02   2.2436640e-01
   6.4437760e+02   2.2352040e-01
   6.4450200e+02   2.2267240e-01
   6.4462630e+02   2.2182400e-01
   6.4475060e+02   2.2097475e-01
   6.4487500e+02   2.2012422e-01
   6.4499930e+02   2.1927403e-01
   6.4512360e+02   2.1842376e-01
   6.4524790e+02   2.1757370e-01
   6.4537230e+02   2.1672344e-01
   6.4549660e+02   2.1587464e-01
   6.4562090e+02   2.1502692e-01
   6.4574530e+02   2.1417991e-01
   6.4586960e+02   2.1333526e-01
   6.4599390e+02   2.1249260e-01
   6.4611830e+02   2.1165157e-01
   6.4624260e+02   2.1081382e-01
   6.4636690e+02   2.0997898e-01
   6.4649130e+02   2.0914666e-01
   6.4661560e+02   2.0831851e-01
   6.4673990e+02   2.0749412e-01
   6.4686430e+02   2.0667313e-01
   6.4698860e+02   2.0585709e-01
   6.4711290e+02   2.0504559e-01
   6.4723730e+02   2.0423820e-01
   6.4736160e+02   2.0343642e-01
   6.4748590e+02   2.0263978e-01
   6.4761030e+02   2.0184780e-01
   6.4773460e+02   2.0106187e-01
   6.4785890e+02   2.0028147e-01
   6.4798320e+02   1.9950667e-01
   6.4810760e+02   1.9873691e-01
   6.4823190e+02   1.9797346e-01
   6.4835620e+02   1.9721570e-01
   6.4848060e+02   1.9646301e-01
   6.4860490e+02   1.9571655e-01
   6.4872920e+02   1.9497565e-01
   6.4885350e+02   1.9424023e-01
   6.4897790e+02   1.9350961e-01
   6.4910220e+02   1.9278484e-01
   6.4922650e+02   1.9206519e-01
   6.4935090e+02   1.9134996e-01
   6.4947520e+02   1.9064015e-01
   6.4959950e+02   1.8993503e-01
   6.4972380e+02   1.8923445e-01
   6.4984820e+02   1.8853772e-01
   6.4997250e+02   1.8784580e-01
   6.5009680e+02   1.8715800e-01
   6.5022120e+02   1.8647362e-01
   6.5034550e+02   1.8579364e-01
   6.5046980e+02   1.8511737e-01
   6.5059410e+02   1.8444468e-01
   6.5071850e+02   1.8377492e-01
   6.5084280e+02   1.8310904e-01
   6.5096710e+02   1.8244638e-01
   6.5109150e+02   1.8178631e-01
   6.5121580e+02   1.8112978e-01
   6.5134010e+02   1.8047614e-01
   6.5146450e+02   1.7982475e-01
   6.5158880e+02   1.7917655e-01
   6.5171310e+02   1.7853088e-01
   6.5183750e+02   1.7788710e-01
   6.5196180e+02   1.7724610e-01
   6.5208610e+02   1.7660723e-01
   6.5221040e+02   1.7597032e-01
   6.5233480e+02   1.7533472e-01
   6.5245910e+02   1.7470126e-01
   6.5258340e+02   1.7406929e-01
   6.5270780e+02   1.7343811e-01
   6.5283210e+02   1.7280858e-01
   6.5295640e+02   1.7218002e-01
   6.5308080e+02   1.7155178e-01
   6.5320510e+02   1.7092471e-01
   6.5332940e+02   1.7029817e-01
   6.5345380e+02   1.6967153e-01
   6.5357810e+02   1.6904567e-01
   6.5370240e+02   1.6841998e-01
   6.5382680e+02   1.6779387e-01
   6.5395110e+02   1.6716823e-01
   6.5407540e+02   1.6654250e-01
   6.5419970e+02   1.6591659e-01
   6.5432410e+02   1.6528994e-01
   6.5444840e+02   1.6466347e-01
   6.5457270e+02   1.6403664e-01
   6.5469710e+02   1.6340889e-01
   6.5482140e+02   1.6278116e-01
   6.5494570e+02   1.6215292e-01
   6.5507000e+02   1.6152412e-01
   6.5519440e+02   1.6089420e-01
   6.5531870e+02   1.6026413e-01
   6.5544300e+02   1.5963335e-01
   6.5556740e+02   1.5900129e-01
   6.5569170e+02   1.5836893e-01
   6.5581600e+02   1.5773571e-01
   6.5594030e+02   1.5710161e-01
   6.5606470e+02   1.5646610e-01
   6.5618900e+02   1.5583022e-01
   6.5631330e+02   1.5519349e-01
   6.5643770e+02   1.5455548e-01
   6.5656200e+02   1.5391728e-01
   6.5668630e+02   1.5327845e-01
   6.5681060e+02   1.5263910e-01
   6.5693500e+02   1.5199876e-01
   6.5705930e+02   1.5135853e-01
   6.5718360e+02   1.5071791e-01
   6.5730800e+02   1.5007640e-01
   6.5743230e+02   1.4943502e-01
   6.5755660e+02   1.4879323e-01
   6.5768100e+02   1.4815044e-01
   6.5780530e+02   1.4750764e-01
   6.5792960e+02   1.4686424e-01
   6.5805400e+02   1.4621962e-01
   6.5817830e+02   1.4557475e-01
   6.5830260e+02   1.4492901e-01
   6.5842700e+02   1.4428178e-01
   6.5855130e+02   1.4363401e-01
   6.5867560e+02   1.4298509e-01
   6.5880000e+02   1.4233439e-01
   6.5892430e+02   1.4168286e-01
   6.5904860e+02   1.4102989e-01
   6.5917290e+02   1.4037539e-01
   6.5929730e+02   1.3971875e-01
   6.5942160e+02   1.3906094e-01
   6.5954590e+02   1.3840135e-01
   6.5967030e+02   1.3773939e-01
   6.5979460e+02   1.3707604e-01
   6.5991890e+02   1.3641071e-01
   6.6004330e+02   1.3574280e-01
   6.6016760e+02   1.3507331e-01
   6.6029190e+02   1.3440164e-01
   6.6041620e+02   1.3372773e-01
   6.6054060e+02   1.3305098e-01
   6.6066490e+02   1.3237241e-01
   6.6078920e+02   1.3169143e-01
   6.6091360e+02   1.3100743e-01
   6.6103790e+02   1.3032148e-01
   6.6116220e+02   1.2963297e-01
   6.6128650e+02   1.2894189e-01
   6.6141090e+02   1.2824764e-01
   6.6153520e+02   1.2755131e-01
   6.6165950e+02   1.2685232e-01
   6.6178380e+02   1.2615067e-01
   6.6190820e+02   1.2544576e-01
   6.6203250e+02   1.2473873e-01
   6.6215680e+02   1.2402901e-01
   6.6228120e+02   1.2331601e-01
   6.6240550e+02   1.2260090e-01
   6.6252980e+02   1.2188309e-01
   6.6265420e+02   1.2116202e-01
   6.6277850e+02   1.2043886e-01
   6.6290280e+02   1.1971304e-01
   6.6302710e+02   1.1898461e-01
   6.6315150e+02   1.1825298e-01
   6.6327580e+02   1.1751937e-01
   6.6340010e+02   1.1678324e-01
   6.6352450e+02   1.1604404e-01
   6.6364880e+02   1.1530300e-01
   6.6377310e+02   1.1455958e-01
   6.6389750e+02   1.1381324e-01
   6.6402180e+02   1.1306525e-01
   6.6414610e+02   1.1231505e-01
   6.6427050e+02   1.1156212e-01
   6.6439480e+02   1.1080771e-01
   6.6451910e+02   1.1005130e-01
   6.6464350e+02   1.0929232e-01
   6.6476780e+02   1.0853208e-01
   6.6489210e+02   1.0777002e-01
   6.6501650e+02   1.0700560e-01
   6.6514080e+02   1.0624012e-01
   6.6526510e+02   1.0547303e-01
   6.6538950e+02   1.0470380e-01
   6.6551380e+02   1.0393373e-01
   6.6563810e+02   1.0316227e-01
   6.6576240e+02   1.0238950e-01
   6.6588680e+02   1.0161487e-01
   6.6601110e+02   1.0083970e-01
   6.6613540e+02   1.0006344e-01
   6.6625970e+02   9.9286173e-02
   6.6638410e+02   9.8507344e-02
   6.6650840e+02   9.7728289e-02
   6.6663270e+02   9.6948464e-02
   6.6675700e+02   9.6167951e-02
   6.6688140e+02   9.5386205e-02
   6.6700570e+02   9.4604564e-02
   6.6713000e+02   9.3822483e-02
   6.6725440e+02   9.3039411e-02
   6.6737870e+02   9.2256689e-02
   6.6750300e+02   9.1473764e-02
   6.6762730e+02   9.0690718e-02
   6.6775170e+02   8.9906999e-02
   6.6787600e+02   8.9123949e-02
   6.6800030e+02   8.8341020e-02
   6.6812470e+02   8.7557666e-02
   6.6824900e+02   8.6775230e-02
   6.6837330e+02   8.5993167e-02
   6.6849770e+02   8.5210933e-02
   6.6862200e+02   8.4429870e-02
   6.6874630e+02   8.3649431e-02
   6.6887070e+02   8.2869070e-02
   6.6899500e+02   8.2090123e-02
   6.6911930e+02   8.1312041e-02
   6.6924370e+02   8.0534279e-02
   6.6936800e+02   7.9758168e-02
   6.6949230e+02   7.8983160e-02
   6.6961670e+02   7.8208716e-02
   6.6974100e+02   7.7436160e-02
   6.6986530e+02   7.6664951e-02
   6.6998960e+02   7.5895172e-02
   6.7011400e+02   7.5126287e-02
   6.7023830e+02   7.4359617e-02
   6.7036260e+02   7.3594624e-02
   6.7048700e+02   7.2830778e-02
   6.7061130e+02   7.2069388e-02
   6.7073560e+02   7.1309922e-02
   6.7086000e+02   7.0551852e-02
   6.7098430e+02   6.9796478e-02
   6.7110860e+02   6.9043271e-02
   6.7123290e+02   6.8292310e-02
   6.7135730e+02   6.7543075e-02
   6.7148160e+02   6.6796851e-02
   6.7160590e+02   6.6053113e-02
   6.7173030e+02   6.5311346e-02
   6.7185460e+02   6.4572820e-02
   6.7197890e+02   6.3837018e-02
   6.7210320e+02   6.3104019e-02
   6.7222760e+02   6.2373317e-02
   6.7235190e+02   6.1646165e-02
   6.7247620e+02   6.0922050e-02
   6.7260060e+02   6.0200472e-02
   6.7272490e+02   5.9482665e-02
   6.7284920e+02   5.8768123e-02
   6.7297350e+02   5.8056922e-02
   6.7309790e+02   5.7348566e-02
   6.7322220e+02   5.6644267e-02
   6.7334650e+02   5.5943528e-02
   6.7347090e+02   5.5245859e-02
   6.7359520e+02   5.4552453e-02
   6.7371950e+02   5.3862815e-02
   6.7384380e+02   5.3177015e-02
   6.7396820e+02   5.2494572e-02
   6.7409250e+02   5.1816654e-02
   6.7421680e+02   5.1142773e-02
   6.7434120e+02   5.0472460e-02
   6.7446550e+02   4.9806857e-02
   6.7458980e+02   4.9145486e-02
   6.7471420e+02   4.8487882e-02
   6.7483850e+02   4.7835165e-02
   6.7496280e+02   4.7186862e-02
   6.7508720e+02   4.6542515e-02
   6.7521150e+02   4.5903217e-02
   6.7533580e+02   4.5268502e-02
   6.7546020e+02   4.4637916e-02
   6.7558450e+02   4.4012526e-02
   6.7570880e+02   4.3391871e-02
   6.7583320e+02   4.2775507e-02
   6.7595750e+02   4.2164472e-02
   6.7608180e+02   4.1558313e-02
   6.7620620e+02   4.0956591e-02
   6.7633050e+02   4.0360312e-02
   6.7645480e+02   3.9769029e-02
   6.7657910e+02   3.9182776e-02
   6.7670350e+02   3.8601125e-02
   6.7682780e+02   3.8025042e-02
   6.7695210e+02   3.7454092e-02
   6.7707650e+02   3.6887852e-02
   6.7720080e+02   3.6327261e-02
   6.7732510e+02   3.5771890e-02
   6.7744940e+02   3.5221763e-02
   6.7757380e+02   3.4676470e-02
   6.7769810e+02   3.4136907e-02
   6.7782240e+02   3.3602652e-02
   6.7794680e+02   3.3073299e-02
   6.7807110e+02   3.2549713e-02
   6.7819540e+02   3.2031478e-02
   6.7831970e+02   3.1518601e-02
   6.7844410e+02   3.1010681e-02
   6.7856840e+02   3.0508539e-02
   6.7869270e+02   3.0011768e-02
   6.7881710e+02   2.9519973e-02
   6.7894140e+02   2.9033943e-02
   6.7906570e+02   2.8553278e-02
   6.7919000e+02   2.8077972e-02
   6.7931440e+02   2.7607640e-02
   6.7943870e+02   2.7143028e-02
   6.7956300e+02   2.6683745e-02
   6.7968740e+02   2.6229413e-02
   6.7981170e+02   2.5780748e-02
   6.7993600e+02   2.5337366e-02
   6.8006040e+02   2.4898897e-02
   6.8018470e+02   2.4466027e-02
   6.8030900e+02   2.4038381e-02
   6.8043330e+02   2.3615934e-02
   6.8055770e+02   2.3198331e-02
   6.8068200e+02   2.2786217e-02
   6.8080630e+02   2.2379231e-02
   6.8093070e+02   2.1977025e-02
   6.8105500e+02   2.1580219e-02
   6.8117930e+02   2.1188460e-02
   6.8130370e+02   2.0801407e-02
   6.8142800e+02   2.0419656e-02
   6.8155230e+02   2.0042862e-02
   6.8167670e+02   1.9670698e-02
   6.8180100e+02   1.9303732e-02
   6.8192530e+02   1.8941629e-02
   6.8204970e+02   1.8584072e-02
   6.8217400e+02   1.8231601e-02
   6.8229830e+02   1.7883892e-02
   6.8242270e+02   1.7540637e-02
   6.8254700e+02   1.7202354e-02
   6.8267130e+02   1.6868730e-02
   6.8279560e+02   1.6539729e-02
   6.8292000e+02   1.6215059e-02
   6.8304430e+02   1.5895206e-02
   6.8316860e+02   1.5579874e-02
   6.8329300e+02   1.5268779e-02
   6.8341730e+02   1.4962387e-02
   6.8354160e+02   1.4660414e-02
   6.8366590e+02   1.4362827e-02
   6.8379030e+02   1.4069359e-02
   6.8391460e+02   1.3780453e-02
   6.8403890e+02   1.3495839e-02
   6.8416330e+02   1.3215265e-02
   6.8428760e+02   1.2939153e-02
   6.8441190e+02   1.2667249e-02
   6.8453620e+02   1.2399527e-02
   6.8466060e+02   1.2135753e-02
   6.8478490e+02   1.1876325e-02
   6.8490920e+02   1.1621007e-02
   6.8503360e+02   1.1369573e-02
   6.8515790e+02   1.1122406e-02
   6.8528220e+02   1.0879279e-02
   6.8540650e+02   1.0640173e-02
   6.8553090e+02   1.0404880e-02
   6.8565520e+02   1.0173759e-02
   6.8577950e+02   9.9466033e-03
   6.8590390e+02   9.7232174e-03
   6.8602820e+02   9.5039459e-03
   6.8615250e+02   9.2885936e-03
   6.8627690e+02   9.0769784e-03
   6.8640120e+02   8.8694277e-03
   6.8652550e+02   8.6657578e-03
   6.8664990e+02   8.4657986e-03
   6.8677420e+02   8.2698618e-03
   6.8689850e+02   8.0777753e-03
   6.8702290e+02   7.8893790e-03
   6.8714720e+02   7.7049642e-03
   6.8727150e+02   7.5243642e-03
   6.8739580e+02   7.3475632e-03
   6.8752020e+02   7.1744046e-03
   6.8764450e+02   7.0051445e-03
   6.8776880e+02   6.8396158e-03
   6.8789320e+02   6.6776598e-03
   6.8801750e+02   6.5195025e-03
   6.8814180e+02   6.3649743e-03
   6.8826620e+02   6.2139141e-03
   6.8839050e+02   6.0665216e-03
   6.8851480e+02   5.9226283e-03
   6.8863920e+02   5.7820748e-03
   6.8876350e+02   5.6450377e-03
   6.8888780e+02   5.5113516e-03
   6.8901210e+02   5.3809647e-03
   6.8913650e+02   5.2537227e-03
   6.8926080e+02   5.1297759e-03
   6.8938510e+02   5.0089654e-03
   6.8950950e+02   4.8911417e-03
   6.8963380e+02   4.7764379e-03
   6.8975810e+02   4.6647017e-03
   6.8988240e+02   4.5558764e-03
   6.9000680e+02   4.4498210e-03
   6.9013110e+02   4.3466488e-03
   6.9025540e+02   4.2462161e-03
   6.9037970e+02   4.1484652e-03
   6.9050410e+02   4.0532626e-03
   6.9062840e+02   3.9607030e-03
   6.9075270e+02   3.8706505e-03
   6.9087710e+02   3.7829775e-03
   6.9100140e+02   3.6977671e-03
   6.9112570e+02   3.6148908e-03
   6.9125000e+02   3.5342918e-03
   6.9137440e+02   3.4558521e-03
   6.9149870e+02   3.3796426e-03
   6.9162300e+02   3.3055459e-03
   6.9174740e+02   3.2334524e-03
   6.9187170e+02   3.1634273e-03
   6.9199600e+02   3.0953622e-03
   6.9212040e+02   3.0291561e-03
   6.9224470e+02   2.9648675e-03
   6.9236900e+02   2.9023953e-03
   6.9249340e+02   2.8416451e-03
   6.9261770e+02   2.7826685e-03
   6.9274200e+02   2.7253710e-03
   6.9286640e+02   2.6696644e-03
   6.9299070e+02   2.6155953e-03
   6.9311500e+02   2.5630762e-03
   6.9323940e+02   2.5120258e-03
   6.9336370e+02   2.4624865e-03
   6.9348800e+02   2.4143785e-03
   6.9361240e+02   2.3676276e-03
   6.9373670e+02   2.3222723e-03
   6.9386100e+02   2.2782377e-03
   6.9398540e+02   2.2354533e-03
   6.9410970e+02   2.1939516e-03
   6.9423400e+02   2.1536617e-03
   6.9435830e+02   2.1145476e-03
   6.9448260e+02   2.0765744e-03
   6.9460700e+02   2.0396788e-03
   6.9473130e+02   2.0038872e-03
   6.9485570e+02   1.9691099e-03
   6.9498000e+02   1.9353714e-03
   6.9510430e+02   1.9026122e-03
   6.9522860e+02   1.8708022e-03
   6.9535290e+02   1.8399116e-03
   6.9547730e+02   1.8098876e-03
   6.9560160e+02   1.7807499e-03
   6.9572600e+02   1.7524236e-03
   6.9585030e+02   1.7249271e-03
   6.9597460e+02   1.6982112e-03
   6.9609890e+02   1.6722508e-03
   6.9622320e+02   1.6470217e-03
   6.9634760e+02   1.6224814e-03
   6.9647190e+02   1.5986472e-03
   6.9659620e+02   1.5754771e-03
   6.9672060e+02   1.5529320e-03
   6.9684490e+02   1.5310271e-03
   6.9696920e+02   1.5097236e-03
   6.9709360e+02   1.4889847e-03
   6.9721790e+02   1.4688238e-03
   6.9734220e+02   1.4492049e-03
   6.9746660e+02   1.4300942e-03
   6.9759090e+02   1.4115046e-03
   6.9771520e+02   1.3934033e-03
   6.9783960e+02   1.3757598e-03
   6.9796390e+02   1.3585869e-03
   6.9808820e+02   1.3418554e-03
   6.9821250e+02   1.3255512e-03
   6.9833690e+02   1.3096481e-03
   6.9846120e+02   1.2941578e-03
   6.9858550e+02   1.2790540e-03
   6.9870990e+02   1.2643113e-03
   6.9883420e+02   1.2499399e-03
   6.9895850e+02   1.2359145e-03
   6.9908290e+02   1.2222111e-03
   6.9920720e+02   1.2088392e-03
   6.9933150e+02   1.1957760e-03
   6.9945590e+02   1.1830000e-03
   6.9958020e+02   1.1705206e-03
   6.9970450e+02   1.1583164e-03
   6.9982880e+02   1.1463765e-03
   6.9995320e+02   1.1346813e-03
   7.0007750e+02   1.1232396e-03
   7.0020190e+02   1.1120241e-03
   7.0032620e+02   1.1010446e-03
   7.0045050e+02   1.0902840e-03
   7.0057480e+02   1.0797347e-03
   7.0069910e+02   1.0693889e-03
   7.0082350e+02   1.0592312e-03
   7.0094780e+02   1.0492713e-03
   7.0107210e+02   1.0394950e-03
   7.0119650e+02   1.0298893e-03
   7.0132080e+02   1.0204644e-03
   7.0144510e+02   1.0112074e-03
   7.0156940e+02   1.0021131e-03
   7.0169380e+02   9.9316929e-04
   7.0181810e+02   9.8438603e-04
   7.0194240e+02   9.7575213e-04
   7.0206680e+02   9.6725705e-04
   7.0219110e+02   9.5891058e-04
   7.0231540e+02   9.5070181e-04
   7.0243970e+02   9.4262665e-04
   7.0256410e+02   9.3467451e-04
   7.0268840e+02   9.2685360e-04
   7.0281270e+02   9.1915268e-04
   7.0293710e+02   9.1156088e-04
   7.0306140e+02   9.0408570e-04
   7.0318570e+02   8.9671675e-04
   7.0331010e+02   8.8944476e-04
   7.0343440e+02   8.8227847e-04
   7.0355870e+02   8.7520900e-04
   7.0368310e+02   8.6822735e-04
   7.0380740e+02   8.6134100e-04
   7.0393170e+02   8.5454061e-04
   7.0405610e+02   8.4781738e-04
   7.0418040e+02   8.4117905e-04
   7.0430470e+02   8.3461737e-04
   7.0442910e+02   8.2812447e-04
   7.0455340e+02   8.2170829e-04
   7.0467770e+02   8.1536118e-04
   7.0480210e+02   8.0907569e-04
   7.0492640e+02   8.0285932e-04
   7.0505070e+02   7.9670439e-04
   7.0517500e+02   7.9060846e-04
   7.0529940e+02   7.8456436e-04
   7.0542370e+02   7.7857962e-04
   7.0554800e+02   7.7264764e-04
   7.0567240e+02   7.6676252e-04
   7.0579670e+02   7.6093289e-04
   7.0592100e+02   7.5515337e-04
   7.0604530e+02   7.4942344e-04
   7.0616970e+02   7.4373796e-04
   7.0629400e+02   7.3810550e-04
   7.0641830e+02   7.3252101e-04
   7.0654270e+02   7.2697980e-04
   7.0666700e+02   7.2149086e-04
   7.0679130e+02   7.1605004e-04
   7.0691560e+02   7.1065774e-04
   7.0704000e+02   7.0531001e-04
   7.0716430e+02   7.0001546e-04
   7.0728860e+02   6.9476933e-04
   7.0741300e+02   6.8956715e-04
   7.0753730e+02   6.8441737e-04
   7.0766160e+02   6.7931622e-04
   7.0778590e+02   6.7426431e-04
   7.0791030e+02   6.6925820e-04
   7.0803460e+02   6.6430618e-04
   7.0815890e+02   6.5940403e-04
   7.0828330e+02   6.5454737e-04
   7.0840760e+02   6.4974362e-04
   7.0853190e+02   6.4498863e-04
   7.0865630e+02   6.4027825e-04
   7.0878060e+02   6.3561954e-04
   7.0890490e+02   6.3100823e-04
   7.0902920e+02   6.2644414e-04
   7.0915360e+02   6.2192354e-04
   7.0927790e+02   6.1745327e-04
   7.0940220e+02   6.1302870e-04
   7.0952660e+02   6.0864484e-04
   7.0965090e+02   6.0430710e-04
   7.0977520e+02   6.0001036e-04
   7.0989960e+02   5.9575001e-04
   7.1002390e+02   5.9153195e-04
   7.1014820e+02   5.8735193e-04
   7.1027260e+02   5.8320600e-04
   7.1039690e+02   5.7910039e-04
   7.1052120e+02   5.7503122e-04
   7.1064560e+02   5.7099448e-04
   7.1076990e+02   5.6699596e-04
   7.1089420e+02   5.6303208e-04
   7.1101860e+02   5.5909974e-04
   7.1114290e+02   5.5520526e-04
   7.1126720e+02   5.5134535e-04
   7.1139150e+02   5.4751984e-04
   7.1151590e+02   5.4372563e-04
   7.1164020e+02   5.3996866e-04
   7.1176450e+02   5.3624547e-04
   7.1188890e+02   5.3255243e-04
   7.1201320e+02   5.2889455e-04
   7.1213750e+02   5.2526790e-04
   7.1226180e+02   5.2167205e-04
   7.1238620e+02   5.1810447e-04
   7.1251050e+02   5.1457152e-04
   7.1263480e+02   5.1107076e-04
   7.1275920e+02   5.0759972e-04
   7.1288350e+02   5.0416436e-04
   7.1300780e+02   5.0076243e-04
   7.1313210e+02   4.9739443e-04
   7.1325650e+02   4.9405797e-04
   7.1338080e+02   4.9075851e-04
   7.1350510e+02   4.8749323e-04
   7.1362950e+02   4.8425898e-04
   7.1375380e+02   4.8105994e-04
   7.1387810e+02   4.7789231e-04
   7.1400240e+02   4.7475496e-04
   7.1412680e+02   4.7164417e-04
   7.1425110e+02   4.6856348e-04
   7.1437540e+02   4.6550868e-04
   7.1449980e+02   4.6247567e-04
   7.1462410e+02   4.5946780e-04
   7.1474840e+02   4.5648150e-04
   7.1487280e+02   4.5351372e-04
   7.1499710e+02   4.5056865e-04
   7.1512140e+02   4.4764281e-04
   7.1524580e+02   4.4473255e-04
   7.1537010e+02   4.4184147e-04
   7.1549440e+02   4.3896645e-04
   7.1561880e+02   4.3610429e-04
   7.1574310e+02   4.3325848e-04
   7.1586740e+02   4.3042546e-04
   7.1599170e+02   4.2760376e-04
   7.1611610e+02   4.2478961e-04
   7.1624040e+02   4.2198604e-04
   7.1636470e+02   4.1918952e-04
   7.1648910e+02   4.1639666e-04
   7.1661340e+02   4.1361074e-04
   7.1673770e+02   4.1082821e-04
   7.1686210e+02   4.0804558e-04
   7.1698640e+02   4.0526631e-04
   7.1711070e+02   4.0248750e-04
   7.1723510e+02   3.9970657e-04
   7.1735940e+02   3.9692769e-04
   7.1748370e+02   3.9414824e-04
   7.1760800e+02   3.9136779e-04
   7.1773240e+02   3.8858385e-04
   7.1785670e+02   3.8580085e-04
   7.1798100e+02   3.8301657e-04
   7.1810540e+02   3.8022836e-04
   7.1822970e+02   3.7743994e-04
   7.1835400e+02   3.7464787e-04
   7.1847830e+02   3.7185053e-04
   7.1860260e+02   3.6904618e-04
   7.1872700e+02   3.6623125e-04
   7.1885130e+02   3.6340933e-04
   7.1897570e+02   3.6057487e-04
   7.1910000e+02   3.5773067e-04
   7.1922430e+02   3.5487196e-04
   7.1934860e+02   3.5199605e-04
   7.1947290e+02   3.4910046e-04
   7.1959730e+02   3.4618052e-04
   7.1972160e+02   3.4323896e-04
   7.1984600e+02   3.4026923e-04
   7.1997030e+02   3.3727437e-04
   7.2009460e+02   3.3425030e-04
   7.2021890e+02   3.3119500e-04
   7.2034330e+02   3.2810372e-04
   7.2046760e+02   3.2497943e-04
   7.2059190e+02   3.2181826e-04
   7.2071630e+02   3.1861653e-04
   7.2084060e+02   3.1537836e-04
   7.2096490e+02   3.1210033e-04
   7.2108930e+02   3.0877918e-04
   7.2121360e+02   3.0541968e-04
   7.2133790e+02   3.0201826e-04
   7.2146230e+02   2.9857074e-04
   7.2158660e+02   2.9508076e-04
   7.2171090e+02   2.9154323e-04
   7.2183530e+02   2.8795265e-04
   7.2195960e+02   2.8431246e-04
   7.2208390e+02   2.8061802e-04
   7.2220830e+02   2.7686503e-04
   7.2233260e+02   2.7305862e-04
   7.2245690e+02   2.6919523e-04
   7.2258130e+02   2.6527174e-04
   7.2270560e+02   2.6129520e-04
   7.2282990e+02   2.5726357e-04
   7.2295420e+02   2.5317814e-04
   7.2307850e+02   2.4904034e-04
   7.2320290e+02   2.4484834e-04
   7.2332720e+02   2.4061057e-04
   7.2345160e+02   2.3632220e-04
   7.2357590e+02   2.3199252e-04
   7.2370020e+02   2.2762080e-04
   7.2382450e+02   2.2321003e-04
   7.2394880e+02   2.1876348e-04
   7.2407320e+02   2.1428100e-04
   7.2419750e+02   2.0977341e-04
   7.2432190e+02   2.0523711e-04
   7.2444620e+02   2.0068315e-04
   7.2457050e+02   1.9611163e-04
   7.2469480e+02   1.9152614e-04
   7.2481910e+02   1.8693018e-04
   7.2494350e+02   1.8232345e-04
   7.2506780e+02   1.7771660e-04
   7.2519210e+02   1.7310834e-04
