2951
   3.5841870e+02  -5.2735538e-03
   3.5854300e+02  -5.2473716e-03
   3.5866730e+02  -5.2197623e-03
   3.5879170e+02  -5.1907801e-03
   3.5891600e+02  -5.1605567e-03
   3.5904030e+02  -5.1291503e-03
   3.5916460e+02  -5.0966371e-03
   3.5928900e+02  -5.0630628e-03
   3.5941330e+02  -5.0285530e-03
   3.5953760e+02  -4.9931505e-03
   3.5966200e+02  -4.9568893e-03
   3.5978630e+02  -4.9198823e-03
   3.5991060e+02  -4.8821438e-03
   3.6003500e+02  -4.8436731e-03
   3.6015930e+02  -4.8045600e-03
   3.6028360e+02  -4.7648095e-03
   3.6040800e+02  -4.7244287e-03
   3.6053230e+02  -4.6835217e-03
   3.6065660e+02  -4.6420957e-03
   3.6078090e+02  -4.6001862e-03
   3.6090530e+02  -4.5577888e-03
   3.6102960e+02  -4.5150013e-03
   3.6115390e+02  -4.4718251e-03
   3.6127820e+02  -4.4282971e-03
   3.6140260e+02  -4.3844142e-03
   3.6152690e+02  -4.3402699e-03
   3.6165120e+02  -4.2958422e-03
   3.6177560e+02  -4.2511025e-03
   3.6189990e+02  -4.2061276e-03
   3.6202420e+02  -4.1608862e-03
   3.6214860e+02  -4.1153470e-03
   3.6227290e+02  -4.0695944e-03
   3.6239720e+02  -4.0236142e-03
   3.6252160e+02  -3.9774032e-03
   3.6264590e+02  -3.9310770e-03
   3.6277020e+02  -3.8846413e-03
   3.6289460e+02  -3.8380992e-03
   3.6301890e+02  -3.7915630e-03
   3.6314320e+02  -3.7450315e-03
   3.6326750e+02  -3.6985433e-03
   3.6339190e+02  -3.6521010e-03
   3.6351620e+02  -3.6058168e-03
   3.6364050e+02  -3.5596904e-03
   3.6376490e+02  -3.5137247e-03
   3.6388920e+02  -3.4680352e-03
   3.6401350e+02  -3.4226281e-03
   3.6413780e+02  -3.3775514e-03
   3.6426220e+02  -3.3328248e-03
   3.6438650e+02  -3.2885798e-03
   3.6451080e+02  -3.2448391e-03
   3.6463520e+02  -3.2016214e-03
   3.6475950e+02  -3.1590462e-03
   3.6488380e+02  -3.1171258e-03
   3.6500820e+02  -3.0758684e-03
   3.6513250e+02  -3.0353676e-03
   3.6525680e+02  -2.9956027e-03
   3.6538120e+02  -2.9565477e-03
   3.6550550e+02  -2.9182712e-03
   3.6562980e+02  -2.8807510e-03
   3.6575410e+02  -2.8439986e-03
   3.6587850e+02  -2.8079943e-03
   3.6600280e+02  -2.7727986e-03
   3.6612710e+02  -2.7383810e-03
   3.6625150e+02  -2.7047141e-03
   3.6637580e+02  -2.6718534e-03
   3.6650010e+02  -2.6397751e-03
   3.6662440e+02  -2.6084865e-03
   3.6674880e+02  -2.5779745e-03
   3.6687310e+02  -2.5483017e-03
   3.6699740e+02  -2.5194560e-03
   3.6712180e+02  -2.4914270e-03
   3.6724610e+02  -2.4642682e-03
   3.6737040e+02  -2.4379577e-03
   3.6749480e+02  -2.4124677e-03
   3.6761910e+02  -2.3878241e-03
   3.6774340e+02  -2.3639866e-03
   3.6786770e+02  -2.3409306e-03
   3.6799210e+02  -2.3186059e-03
   3.6811640e+02  -2.2970034e-03
   3.6824070e+02  -2.2760473e-03
   3.6836510e+02  -2.2556545e-03
   3.6848940e+02  -2.2357896e-03
   3.6861370e+02  -2.2163760e-03
   3.6873810e+02  -2.1973495e-03
   3.6886240e+02  -2.1786978e-03
   3.6898670e+02  -2.1603643e-03
   3.6911100e+02  -2.1423121e-03
   3.6923540e+02  -2.1244906e-03
   3.6935970e+02  -2.1068915e-03
   3.6948400e+02  -2.0894630e-03
   3.6960840e+02  -2.0721544e-03
   3.6973270e+02  -2.0549584e-03
   3.6985700e+02  -2.0378238e-03
   3.6998130e+02  -2.0207068e-03
   3.7010570e+02  -2.0035452e-03
   3.7023000e+02  -1.9863190e-03
   3.7035430e+02  -1.9689706e-03
   3.7047870e+02  -1.9514450e-03
   3.7060300e+02  -1.9337369e-03
   3.7072730e+02  -1.9158115e-03
   3.7085170e+02  -1.8976446e-03
   3.7097600e+02  -1.8792632e-03
   3.7110030e+02  -1.8606528e-03
   3.7122470e+02  -1.8417914e-03
   3.7134900e+02  -1.8226918e-03
   3.7147330e+02  -1.8033113e-03
   3.7159770e+02  -1.7835972e-03
   3.7172200e+02  -1.7635370e-03
   3.7184630e+02  -1.7430674e-03
   3.7197060e+02  -1.7221421e-03
   3.7209500e+02  -1.7007019e-03
   3.7221930e+02  -1.6787434e-03
   3.7234360e+02  -1.6562129e-03
   3.7246800e+02  -1.6330549e-03
   3.7259230e+02  -1.6092730e-03
   3.7271660e+02  -1.5848181e-03
   3.7284090e+02  -1.5596611e-03
   3.7296530e+02  -1.5337540e-03
   3.7308960e+02  -1.5071148e-03
   3.7321390e+02  -1.4797020e-03
   3.7333830e+02  -1.4514749e-03
   3.7346260e+02  -1.4224659e-03
   3.7358690e+02  -1.3926442e-03
   3.7371130e+02  -1.3619785e-03
   3.7383560e+02  -1.3305131e-03
   3.7395990e+02  -1.2982233e-03
   3.7408430e+02  -1.2650884e-03
   3.7420860e+02  -1.2311723e-03
   3.7433290e+02  -1.1964602e-03
   3.7445720e+02  -1.1609665e-03
   3.7458160e+02  -1.1246760e-03
   3.7470590e+02  -1.0876593e-03
   3.7483020e+02  -1.0499007e-03
   3.7495460e+02  -1.0113883e-03
   3.7507890e+02  -9.7221324e-04
   3.7520320e+02  -9.3238476e-04
   3.7532750e+02  -8.9195105e-04
   3.7545190e+02  -8.5093238e-04
   3.7557620e+02  -8.0945117e-04
   3.7570050e+02  -7.6752828e-04
   3.7582490e+02  -7.2517311e-04
   3.7594920e+02  -6.8248687e-04
   3.7607350e+02  -6.3945922e-04
   3.7619790e+02  -5.9606734e-04
   3.7632220e+02  -5.5238378e-04
   3.7644650e+02  -5.0837264e-04
   3.7657080e+02  -4.6403258e-04
   3.7669520e+02  -4.1932659e-04
   3.7681950e+02  -3.7432517e-04
   3.7694380e+02  -3.2898989e-04
   3.7706820e+02  -2.8328220e-04
   3.7719250e+02  -2.3727781e-04
   3.7731680e+02  -1.9094631e-04
   3.7744120e+02  -1.4425484e-04
   3.7756550e+02  -9.7277105e-05
   3.7768980e+02  -4.9970022e-05
   3.7781410e+02  -2.3287750e-06
   3.7793850e+02   4.5688363e-05
   3.7806280e+02   9.4006938e-05
   3.7818710e+02   1.4267088e-04
   3.7831150e+02   1.9172772e-04
   3.7843580e+02   2.4110519e-04
   3.7856010e+02   2.9084569e-04
   3.7868440e+02   3.4094922e-04
   3.7880880e+02   3.9145365e-04
   3.7893310e+02   4.4227233e-04
   3.7905740e+02   4.9343765e-04
   3.7918180e+02   5.4498075e-04
   3.7930610e+02   5.9680817e-04
   3.7943040e+02   6.4895344e-04
   3.7955480e+02   7.0145244e-04
   3.7967910e+02   7.5421175e-04
   3.7980340e+02   8.0726142e-04
   3.7992780e+02   8.6063211e-04
   3.8005210e+02   9.1422771e-04
   3.8017640e+02   9.6808375e-04
   3.8030080e+02   1.0222372e-03
   3.8042510e+02   1.0765914e-03
   3.8054940e+02   1.1311793e-03
   3.8067370e+02   1.1859913e-03
   3.8079810e+02   1.2410628e-03
   3.8092240e+02   1.2962984e-03
   3.8104670e+02   1.3517379e-03
   3.8117100e+02   1.4073771e-03
   3.8129540e+02   1.4632550e-03
   3.8141970e+02   1.5192749e-03
   3.8154400e+02   1.5754723e-03
   3.8166840e+02   1.6318785e-03
   3.8179270e+02   1.6883845e-03
   3.8191700e+02   1.7450148e-03
   3.8204140e+02   1.8017936e-03
   3.8216570e+02   1.8586114e-03
   3.8229000e+02   1.9154985e-03
   3.8241440e+02   1.9724848e-03
   3.8253870e+02   2.0294629e-03
   3.8266300e+02   2.0864643e-03
   3.8278740e+02   2.1435194e-03
   3.8291170e+02   2.2005192e-03
   3.8303600e+02   2.2574933e-03
   3.8316030e+02   2.3144293e-03
   3.8328470e+02   2.3713621e-03
   3.8340900e+02   2.4281908e-03
   3.8353330e+02   2.4849534e-03
   3.8365770e+02   2.5416889e-03
   3.8378200e+02   2.5983011e-03
   3.8390630e+02   2.6548325e-03
   3.8403060e+02   2.7112784e-03
   3.8415500e+02   2.7676735e-03
   3.8427930e+02   2.8239106e-03
   3.8440360e+02   2.8800181e-03
   3.8452800e+02   2.9360272e-03
   3.8465230e+02   2.9918350e-03
   3.8477660e+02   3.0474714e-03
   3.8490100e+02   3.1029629e-03
   3.8502530e+02   3.1582052e-03
   3.8514960e+02   3.2132362e-03
   3.8527400e+02   3.2681031e-03
   3.8539830e+02   3.3227250e-03
   3.8552260e+02   3.3771520e-03
   3.8564690e+02   3.4313875e-03
   3.8577130e+02   3.4854785e-03
   3.8589560e+02   3.5393435e-03
   3.8601990e+02   3.5930353e-03
   3.8614420e+02   3.6465688e-03
   3.8626860e+02   3.7000066e-03
   3.8639290e+02   3.7532845e-03
   3.8651720e+02   3.8064691e-03
   3.8664160e+02   3.8596302e-03
   3.8676590e+02   3.9127122e-03
   3.8689020e+02   3.9657864e-03
   3.8701460e+02   4.0189178e-03
   3.8713890e+02   4.0720371e-03
   3.8726320e+02   4.1251976e-03
   3.8738750e+02   4.1784055e-03
   3.8751190e+02   4.2317056e-03
   3.8763620e+02   4.2850101e-03
   3.8776050e+02   4.3383557e-03
   3.8788490e+02   4.3917768e-03
   3.8800920e+02   4.4451768e-03
   3.8813350e+02   4.4985872e-03
   3.8825790e+02   4.5520400e-03
   3.8838220e+02   4.6054407e-03
   3.8850650e+02   4.6588235e-03
   3.8863090e+02   4.7122189e-03
   3.8875520e+02   4.7655248e-03
   3.8887950e+02   4.8187663e-03
   3.8900390e+02   4.8719680e-03
   3.8912820e+02   4.9250266e-03
   3.8925250e+02   4.9779677e-03
   3.8937680e+02   5.0307742e-03
   3.8950120e+02   5.0834690e-03
   3.8962550e+02   5.1359464e-03
   3.8974980e+02   5.1882281e-03
   3.8987420e+02   5.2403376e-03
   3.8999850e+02   5.2921758e-03
   3.9012280e+02   5.3437715e-03
   3.9024710e+02   5.3951109e-03
   3.9037150e+02   5.4462207e-03
   3.9049580e+02   5.4970040e-03
   3.9062010e+02   5.5474858e-03
   3.9074450e+02   5.5976883e-03
   3.9086880e+02   5.6475114e-03
   3.9099310e+02   5.6969729e-03
   3.9111750e+02   5.7460852e-03
   3.9124180e+02   5.7947350e-03
   3.9136610e+02   5.8429225e-03
   3.9149040e+02   5.8906070e-03
   3.9161480e+02   5.9377869e-03
   3.9173910e+02   5.9843469e-03
   3.9186340e+02   6.0302831e-03
   3.9198780e+02   6.0755878e-03
   3.9211210e+02   6.1201435e-03
   3.9223640e+02   6.1639419e-03
   3.9236070e+02   6.2069385e-03
   3.9248510e+02   6.2491239e-03
   3.9260940e+02   6.2903889e-03
   3.9273370e+02   6.3307261e-03
   3.9285810e+02   6.3701248e-03
   3.9298240e+02   6.4084817e-03
   3.9310670e+02   6.4457942e-03
   3.9323110e+02   6.4820649e-03
   3.9335540e+02   6.5172226e-03
   3.9347970e+02   6.5512983e-03
   3.9360410e+02   6.5843340e-03
   3.9372840e+02   6.6163103e-03
   3.9385270e+02   6.6473060e-03
   3.9397710e+02   6.6774095e-03
   3.9410140e+02   6.7066456e-03
   3.9422570e+02   6.7351165e-03
   3.9435000e+02   6.7629004e-03
   3.9447440e+02   6.7900937e-03
   3.9459870e+02   6.8167199e-03
   3.9472300e+02   6.8428593e-03
   3.9484740e+02   6.8685839e-03
   3.9497170e+02   6.8938985e-03
   3.9509600e+02   6.9188651e-03
   3.9522040e+02   6.9435381e-03
   3.9534470e+02   6.9679030e-03
   3.9546900e+02   6.9919953e-03
   3.9559330e+02   7.0158216e-03
   3.9571770e+02   7.0393999e-03
   3.9584200e+02   7.0626840e-03
   3.9596630e+02   7.0856787e-03
   3.9609070e+02   7.1083860e-03
   3.9621500e+02   7.1307532e-03
   3.9633930e+02   7.1527831e-03
   3.9646360e+02   7.1744597e-03
   3.9658800e+02   7.1957853e-03
   3.9671230e+02   7.2167156e-03
   3.9683660e+02   7.2372664e-03
   3.9696100e+02   7.2574581e-03
   3.9708530e+02   7.2772681e-03
   3.9720960e+02   7.2967269e-03
   3.9733400e+02   7.3158693e-03
   3.9745830e+02   7.3346897e-03
   3.9758260e+02   7.3532351e-03
   3.9770690e+02   7.3715433e-03
   3.9783130e+02   7.3896732e-03
   3.9795560e+02   7.4076441e-03
   3.9807990e+02   7.4255196e-03
   3.9820420e+02   7.4433451e-03
   3.9832860e+02   7.4611746e-03
   3.9845290e+02   7.4790143e-03
   3.9857720e+02   7.4969086e-03
   3.9870160e+02   7.5148954e-03
   3.9882590e+02   7.5329614e-03
   3.9895020e+02   7.5511310e-03
   3.9907460e+02   7.5694249e-03
   3.9919890e+02   7.5878159e-03
   3.9932320e+02   7.6063192e-03
   3.9944760e+02   7.6249515e-03
   3.9957190e+02   7.6436872e-03
   3.9969620e+02   7.6625493e-03
   3.9982060e+02   7.6815631e-03
   3.9994490e+02   7.7007101e-03
   4.0006920e+02   7.7200201e-03
   4.0019360e+02   7.7395244e-03
   4.0031790e+02   7.7592072e-03
   4.0044220e+02   7.7790986e-03
   4.0056660e+02   7.7992267e-03
   4.0069090e+02   7.8195676e-03
   4.0081520e+02   7.8401440e-03
   4.0093950e+02   7.8609616e-03
   4.0106390e+02   7.8820402e-03
   4.0118820e+02   7.9033446e-03
   4.0131250e+02   7.9248858e-03
   4.0143680e+02   7.9466531e-03
   4.0156120e+02   7.9686501e-03
   4.0168550e+02   7.9908270e-03
   4.0180980e+02   8.0131889e-03
   4.0193420e+02   8.0357424e-03
   4.0205850e+02   8.0584383e-03
   4.0218280e+02   8.0812787e-03
   4.0230720e+02   8.1042635e-03
   4.0243150e+02   8.1273366e-03
   4.0255580e+02   8.1504971e-03
   4.0268020e+02   8.1737450e-03
   4.0280450e+02   8.1970245e-03
   4.0292880e+02   8.2203391e-03
   4.0305310e+02   8.2436785e-03
   4.0317750e+02   8.2670562e-03
   4.0330180e+02   8.2904313e-03
   4.0342610e+02   8.3138204e-03
   4.0355040e+02   8.3372214e-03
   4.0367480e+02   8.3606520e-03
   4.0379910e+02   8.3840750e-03
   4.0392340e+02   8.4075098e-03
   4.0404780e+02   8.4309747e-03
   4.0417210e+02   8.4544308e-03
   4.0429640e+02   8.4778975e-03
   4.0442080e+02   8.5013978e-03
   4.0454510e+02   8.5249033e-03
   4.0466940e+02   8.5484461e-03
   4.0479380e+02   8.5720607e-03
   4.0491810e+02   8.5957259e-03
   4.0504240e+02   8.6194775e-03
   4.0516670e+02   8.6433337e-03
   4.0529110e+02   8.6673330e-03
   4.0541540e+02   8.6914563e-03
   4.0553970e+02   8.7157424e-03
   4.0566410e+02   8.7402317e-03
   4.0578840e+02   8.7649061e-03
   4.0591270e+02   8.7898046e-03
   4.0603710e+02   8.8149634e-03
   4.0616140e+02   8.8403545e-03
   4.0628570e+02   8.8660069e-03
   4.0641010e+02   8.8919471e-03
   4.0653440e+02   8.9181376e-03
   4.0665870e+02   8.9446030e-03
   4.0678300e+02   8.9713476e-03
   4.0690740e+02   8.9983984e-03
   4.0703170e+02   9.0257174e-03
   4.0715600e+02   9.0533323e-03
   4.0728040e+02   9.0812707e-03
   4.0740470e+02   9.1094906e-03
   4.0752900e+02   9.1380143e-03
   4.0765330e+02   9.1668396e-03
   4.0777770e+02   9.1959855e-03
   4.0790200e+02   9.2253992e-03
   4.0802630e+02   9.2550977e-03
   4.0815070e+02   9.2851008e-03
   4.0827500e+02   9.3153598e-03
   4.0839930e+02   9.3459012e-03
   4.0852370e+02   9.3767538e-03
   4.0864800e+02   9.4078725e-03
   4.0877230e+02   9.4392848e-03
   4.0889660e+02   9.4709905e-03
   4.0902100e+02   9.5030109e-03
   4.0914530e+02   9.5352872e-03
   4.0926960e+02   9.5678365e-03
   4.0939400e+02   9.6006758e-03
   4.0951830e+02   9.6337417e-03
   4.0964260e+02   9.6670492e-03
   4.0976690e+02   9.7005888e-03
   4.0989130e+02   9.7343833e-03
   4.1001560e+02   9.7683785e-03
   4.1013990e+02   9.8026045e-03
   4.1026430e+02   9.8370941e-03
   4.1038860e+02   9.8717970e-03
   4.1051290e+02   9.9067459e-03
   4.1063730e+02   9.9419741e-03
   4.1076160e+02   9.9774302e-03
   4.1088590e+02   1.0013146e-02
   4.1101030e+02   1.0049149e-02
   4.1113460e+02   1.0085377e-02
   4.1125890e+02   1.0121853e-02
   4.1138330e+02   1.0158597e-02
   4.1150760e+02   1.0195541e-02
   4.1163190e+02   1.0232702e-02
   4.1175630e+02   1.0270092e-02
   4.1188060e+02   1.0307634e-02
   4.1200490e+02   1.0345338e-02
   4.1212920e+02   1.0383189e-02
   4.1225360e+02   1.0421203e-02
   4.1237790e+02   1.0459304e-02
   4.1250220e+02   1.0497508e-02
   4.1262660e+02   1.0535827e-02
   4.1275090e+02   1.0574180e-02
   4.1287520e+02   1.0612578e-02
   4.1299950e+02   1.0650997e-02
   4.1312390e+02   1.0689447e-02
   4.1324820e+02   1.0727849e-02
   4.1337250e+02   1.0766216e-02
   4.1349690e+02   1.0804567e-02
   4.1362120e+02   1.0842827e-02
   4.1374550e+02   1.0881015e-02
   4.1386980e+02   1.0919124e-02
   4.1399420e+02   1.0957175e-02
   4.1411850e+02   1.0995101e-02
   4.1424280e+02   1.1032920e-02
   4.1436720e+02   1.1070655e-02
   4.1449150e+02   1.1108235e-02
   4.1461580e+02   1.1145684e-02
   4.1474010e+02   1.1182996e-02
   4.1486450e+02   1.1220194e-02
   4.1498880e+02   1.1257212e-02
   4.1511310e+02   1.1294074e-02
   4.1523750e+02   1.1330807e-02
   4.1536180e+02   1.1367350e-02
   4.1548610e+02   1.1403735e-02
   4.1561040e+02   1.1439964e-02
   4.1573480e+02   1.1476071e-02
   4.1585910e+02   1.1512004e-02
   4.1598340e+02   1.1547798e-02
   4.1610780e+02   1.1583491e-02
   4.1623210e+02   1.1619037e-02
   4.1635640e+02   1.1654480e-02
   4.1648080e+02   1.1689859e-02
   4.1660510e+02   1.1725129e-02
   4.1672940e+02   1.1760327e-02
   4.1685380e+02   1.1795489e-02
   4.1697810e+02   1.1830566e-02
   4.1710240e+02   1.1865600e-02
   4.1722680e+02   1.1900632e-02
   4.1735110e+02   1.1935620e-02
   4.1747540e+02   1.1970608e-02
   4.1759980e+02   1.2005641e-02
   4.1772410e+02   1.2040681e-02
   4.1784840e+02   1.2075773e-02
   4.1797280e+02   1.2110964e-02
   4.1809710e+02   1.2146217e-02
   4.1822140e+02   1.2181581e-02
   4.1834570e+02   1.2217073e-02
   4.1847010e+02   1.2252740e-02
   4.1859440e+02   1.2288540e-02
   4.1871870e+02   1.2324515e-02
   4.1884310e+02   1.2360710e-02
   4.1896740e+02   1.2397085e-02
   4.1909170e+02   1.2433682e-02
   4.1921600e+02   1.2470513e-02
   4.1934040e+02   1.2507614e-02
   4.1946470e+02   1.2544929e-02
   4.1958900e+02   1.2582490e-02
   4.1971340e+02   1.2620330e-02
   4.1983770e+02   1.2658387e-02
   4.1996200e+02   1.2696694e-02
   4.2008630e+02   1.2735250e-02
   4.2021070e+02   1.2774090e-02
   4.2033500e+02   1.2813154e-02
   4.2045930e+02   1.2852480e-02
   4.2058370e+02   1.2892110e-02
   4.2070800e+02   1.2931990e-02
   4.2083230e+02   1.2972161e-02
   4.2095660e+02   1.3012632e-02
   4.2108100e+02   1.3053442e-02
   4.2120530e+02   1.3094527e-02
   4.2132960e+02   1.3135924e-02
   4.2145400e+02   1.3177666e-02
   4.2157830e+02   1.3219688e-02
   4.2170260e+02   1.3262024e-02
   4.2182700e+02   1.3304706e-02
   4.2195130e+02   1.3347663e-02
   4.2207560e+02   1.3390928e-02
   4.2220000e+02   1.3434535e-02
   4.2232430e+02   1.3478413e-02
   4.2244860e+02   1.3522597e-02
   4.2257290e+02   1.3567088e-02
   4.2269730e+02   1.3611927e-02
   4.2282160e+02   1.3657051e-02
   4.2294590e+02   1.3702507e-02
   4.2307030e+02   1.3748340e-02
   4.2319460e+02   1.3794490e-02
   4.2331890e+02   1.3841005e-02
   4.2344330e+02   1.3887937e-02
   4.2356760e+02   1.3935224e-02
   4.2369190e+02   1.3982923e-02
   4.2381630e+02   1.4031090e-02
   4.2394060e+02   1.4079661e-02
   4.2406490e+02   1.4128689e-02
   4.2418930e+02   1.4178220e-02
   4.2431360e+02   1.4228181e-02
   4.2443790e+02   1.4278614e-02
   4.2456220e+02   1.4329520e-02
   4.2468660e+02   1.4380936e-02
   4.2481090e+02   1.4432775e-02
   4.2493520e+02   1.4485075e-02
   4.2505960e+02   1.4537880e-02
   4.2518390e+02   1.4591107e-02
   4.2530820e+02   1.4644803e-02
   4.2543250e+02   1.4698968e-02
   4.2555680e+02   1.4753601e-02
   4.2568120e+02   1.4808743e-02
   4.2580550e+02   1.4864304e-02
   4.2592990e+02   1.4920372e-02
   4.2605420e+02   1.4976855e-02
   4.2617850e+02   1.5033799e-02
   4.2630280e+02   1.5091206e-02
   4.2642710e+02   1.5149077e-02
   4.2655150e+02   1.5207462e-02
   4.2667580e+02   1.5266267e-02
   4.2680020e+02   1.5325582e-02
   4.2692450e+02   1.5385309e-02
   4.2704880e+02   1.5445490e-02
   4.2717310e+02   1.5506122e-02
   4.2729750e+02   1.5567247e-02
   4.2742180e+02   1.5628765e-02
   4.2754610e+02   1.5690726e-02
   4.2767050e+02   1.5753185e-02
   4.2779480e+02   1.5816045e-02
   4.2791910e+02   1.5879357e-02
   4.2804350e+02   1.5943170e-02
   4.2816780e+02   1.6007377e-02
   4.2829210e+02   1.6072016e-02
   4.2841650e+02   1.6137129e-02
   4.2854080e+02   1.6202593e-02
   4.2866510e+02   1.6268440e-02
   4.2878950e+02   1.6334701e-02
   4.2891380e+02   1.6401241e-02
   4.2903810e+02   1.6468086e-02
   4.2916250e+02   1.6535263e-02
   4.2928680e+02   1.6602638e-02
   4.2941110e+02   1.6670247e-02
   4.2953540e+02   1.6738072e-02
   4.2965980e+02   1.6806150e-02
   4.2978410e+02   1.6874358e-02
   4.2990840e+02   1.6942737e-02
   4.3003270e+02   1.7011278e-02
   4.3015710e+02   1.7080028e-02
   4.3028140e+02   1.7148875e-02
   4.3040580e+02   1.7217933e-02
   4.3053010e+02   1.7287097e-02
   4.3065440e+02   1.7356434e-02
   4.3077870e+02   1.7425954e-02
   4.3090300e+02   1.7495678e-02
   4.3102740e+02   1.7565684e-02
   4.3115170e+02   1.7635883e-02
   4.3127610e+02   1.7706412e-02
   4.3140040e+02   1.7777175e-02
   4.3152470e+02   1.7848247e-02
   4.3164900e+02   1.7919637e-02
   4.3177330e+02   1.7991351e-02
   4.3189770e+02   1.8063449e-02
   4.3202200e+02   1.8135815e-02
   4.3214630e+02   1.8208505e-02
   4.3227070e+02   1.8281568e-02
   4.3239500e+02   1.8354877e-02
   4.3251930e+02   1.8428476e-02
   4.3264370e+02   1.8502409e-02
   4.3276800e+02   1.8576539e-02
   4.3289230e+02   1.8650909e-02
   4.3301670e+02   1.8725562e-02
   4.3314100e+02   1.8800355e-02
   4.3326530e+02   1.8875324e-02
   4.3338960e+02   1.8950443e-02
   4.3351400e+02   1.9025745e-02
   4.3363830e+02   1.9101081e-02
   4.3376260e+02   1.9176487e-02
   4.3388700e+02   1.9252002e-02
   4.3401130e+02   1.9327485e-02
   4.3413560e+02   1.9402978e-02
   4.3426000e+02   1.9478530e-02
   4.3438430e+02   1.9554003e-02
   4.3450860e+02   1.9629443e-02
   4.3463300e+02   1.9704892e-02
   4.3475730e+02   1.9780207e-02
   4.3488160e+02   1.9855427e-02
   4.3500600e+02   1.9930589e-02
   4.3513030e+02   2.0005549e-02
   4.3525460e+02   2.0080345e-02
   4.3537890e+02   2.0154961e-02
   4.3550330e+02   2.0229439e-02
   4.3562760e+02   2.0303643e-02
   4.3575200e+02   2.0377672e-02
   4.3587630e+02   2.0451388e-02
   4.3600060e+02   2.0524832e-02
   4.3612490e+02   2.0597985e-02
   4.3624920e+02   2.0670829e-02
   4.3637360e+02   2.0743405e-02
   4.3649790e+02   2.0815577e-02
   4.3662220e+02   2.0887387e-02
   4.3674660e+02   2.0958876e-02
   4.3687090e+02   2.1029914e-02
   4.3699520e+02   2.1100546e-02
   4.3711950e+02   2.1170761e-02
   4.3724390e+02   2.1240604e-02
   4.3736820e+02   2.1309950e-02
   4.3749250e+02   2.1378842e-02
   4.3761690e+02   2.1447318e-02
   4.3774120e+02   2.1515255e-02
   4.3786550e+02   2.1582691e-02
   4.3798980e+02   2.1649614e-02
   4.3811420e+02   2.1716062e-02
   4.3823850e+02   2.1781920e-02
   4.3836280e+02   2.1847233e-02
   4.3848720e+02   2.1912048e-02
   4.3861150e+02   2.1976255e-02
   4.3873580e+02   2.2039903e-02
   4.3886020e+02   2.2103037e-02
   4.3898450e+02   2.2165555e-02
   4.3910880e+02   2.2227511e-02
   4.3923320e+02   2.2288960e-02
   4.3935750e+02   2.2349809e-02
   4.3948180e+02   2.2410116e-02
   4.3960620e+02   2.2469937e-02
   4.3973050e+02   2.2529186e-02
   4.3985480e+02   2.2587925e-02
   4.3997920e+02   2.2646215e-02
   4.4010350e+02   2.2703972e-02
   4.4022780e+02   2.2761252e-02
   4.4035210e+02   2.2818063e-02
   4.4047650e+02   2.2874453e-02
   4.4060080e+02   2.2930335e-02
   4.4072510e+02   2.2985756e-02
   4.4084950e+02   2.3040764e-02
   4.4097380e+02   2.3095278e-02
   4.4109810e+02   2.3149349e-02
   4.4122250e+02   2.3203023e-02
   4.4134680e+02   2.3256215e-02
   4.4147110e+02   2.3308966e-02
   4.4159540e+02   2.3361267e-02
   4.4171980e+02   2.3413146e-02
   4.4184410e+02   2.3464503e-02
   4.4196840e+02   2.3515361e-02
   4.4209280e+02   2.3565743e-02
   4.4221710e+02   2.3615548e-02
   4.4234140e+02   2.3664800e-02
   4.4246570e+02   2.3713482e-02
   4.4259010e+02   2.3761616e-02
   4.4271440e+02   2.3809112e-02
   4.4283870e+02   2.3855997e-02
   4.4296310e+02   2.3902298e-02
   4.4308740e+02   2.3947932e-02
   4.4321170e+02   2.3992931e-02
   4.4333600e+02   2.4037294e-02
   4.4346040e+02   2.4081053e-02
   4.4358470e+02   2.4124141e-02
   4.4370900e+02   2.4166594e-02
   4.4383340e+02   2.4208452e-02
   4.4395770e+02   2.4249653e-02
   4.4408200e+02   2.4290237e-02
   4.4420630e+02   2.4330212e-02
   4.4433070e+02   2.4369619e-02
   4.4445500e+02   2.4408402e-02
   4.4457930e+02   2.4446601e-02
   4.4470370e+02   2.4484256e-02
   4.4482800e+02   2.4521317e-02
   4.4495230e+02   2.4557827e-02
   4.4507670e+02   2.4593825e-02
   4.4520100e+02   2.4629264e-02
   4.4532530e+02   2.4664181e-02
   4.4544970e+02   2.4698616e-02
   4.4557400e+02   2.4732529e-02
   4.4569830e+02   2.4765965e-02
   4.4582270e+02   2.4798973e-02
   4.4594700e+02   2.4831524e-02
   4.4607130e+02   2.4863668e-02
   4.4619570e+02   2.4895460e-02
   4.4632000e+02   2.4926874e-02
   4.4644430e+02   2.4957963e-02
   4.4656870e+02   2.4988776e-02
   4.4669300e+02   2.5019287e-02
   4.4681730e+02   2.5049542e-02
   4.4694160e+02   2.5079558e-02
   4.4706600e+02   2.5109375e-02
   4.4719030e+02   2.5138955e-02
   4.4731460e+02   2.5168332e-02
   4.4743900e+02   2.5197535e-02
   4.4756330e+02   2.5226526e-02
   4.4768760e+02   2.5255335e-02
   4.4781190e+02   2.5283968e-02
   4.4793630e+02   2.5312453e-02
   4.4806060e+02   2.5340748e-02
   4.4818490e+02   2.5368879e-02
   4.4830930e+02   2.5396872e-02
   4.4843360e+02   2.5424686e-02
   4.4855790e+02   2.5452347e-02
   4.4868220e+02   2.5479863e-02
   4.4880660e+02   2.5507260e-02
   4.4893090e+02   2.5534501e-02
   4.4905520e+02   2.5561612e-02
   4.4917960e+02   2.5588618e-02
   4.4930390e+02   2.5615479e-02
   4.4942820e+02   2.5642222e-02
   4.4955250e+02   2.5668855e-02
   4.4967690e+02   2.5695406e-02
   4.4980120e+02   2.5721841e-02
   4.4992550e+02   2.5748190e-02
   4.5004990e+02   2.5774480e-02
   4.5017420e+02   2.5800675e-02
   4.5029850e+02   2.5826795e-02
   4.5042290e+02   2.5852862e-02
   4.5054720e+02   2.5878835e-02
   4.5067150e+02   2.5904737e-02
   4.5079580e+02   2.5930572e-02
   4.5092020e+02   2.5956362e-02
   4.5104450e+02   2.5982066e-02
   4.5116880e+02   2.6007705e-02
   4.5129320e+02   2.6033296e-02
   4.5141750e+02   2.6058796e-02
   4.5154180e+02   2.6084221e-02
   4.5166620e+02   2.6109590e-02
   4.5179050e+02   2.6134860e-02
   4.5191480e+02   2.6160054e-02
   4.5203920e+02   2.6185195e-02
   4.5216350e+02   2.6210250e-02
   4.5228780e+02   2.6235245e-02
   4.5241220e+02   2.6260209e-02
   4.5253650e+02   2.6285115e-02
   4.5266080e+02   2.6310001e-02
   4.5278520e+02   2.6334908e-02
   4.5290950e+02   2.6359824e-02
   4.5303380e+02   2.6384796e-02
   4.5315810e+02   2.6409860e-02
   4.5328250e+02   2.6435070e-02
   4.5340680e+02   2.6460421e-02
   4.5353110e+02   2.6485968e-02
   4.5365550e+02   2.6511771e-02
   4.5377980e+02   2.6537824e-02
   4.5390410e+02   2.6564183e-02
   4.5402840e+02   2.6590881e-02
   4.5415270e+02   2.6617951e-02
   4.5427710e+02   2.6645442e-02
   4.5440140e+02   2.6673338e-02
   4.5452580e+02   2.6701708e-02
   4.5465010e+02   2.6730533e-02
   4.5477440e+02   2.6759857e-02
   4.5489870e+02   2.6789705e-02
   4.5502300e+02   2.6820103e-02
   4.5514740e+02   2.6851100e-02
   4.5527170e+02   2.6882676e-02
   4.5539610e+02   2.6914909e-02
   4.5552040e+02   2.6947782e-02
   4.5564470e+02   2.6981353e-02
   4.5576900e+02   2.7015653e-02
   4.5589340e+02   2.7050742e-02
   4.5601770e+02   2.7086593e-02
   4.5614200e+02   2.7123260e-02
   4.5626640e+02   2.7160793e-02
   4.5639070e+02   2.7199151e-02
   4.5651500e+02   2.7238379e-02
   4.5663940e+02   2.7278527e-02
   4.5676370e+02   2.7319550e-02
   4.5688800e+02   2.7361500e-02
   4.5701240e+02   2.7404432e-02
   4.5713670e+02   2.7448298e-02
   4.5726100e+02   2.7493153e-02
   4.5738540e+02   2.7539051e-02
   4.5750970e+02   2.7585936e-02
   4.5763400e+02   2.7633862e-02
   4.5775830e+02   2.7682843e-02
   4.5788270e+02   2.7732938e-02
   4.5800700e+02   2.7784081e-02
   4.5813130e+02   2.7836327e-02
   4.5825570e+02   2.7889728e-02
   4.5838000e+02   2.7944207e-02
   4.5850430e+02   2.7999812e-02
   4.5862870e+02   2.8056591e-02
   4.5875300e+02   2.8114456e-02
   4.5887730e+02   2.8173450e-02
   4.5900170e+02   2.8233619e-02
   4.5912600e+02   2.8294862e-02
   4.5925030e+02   2.8357223e-02
   4.5937460e+02   2.8420691e-02
   4.5949890e+02   2.8485255e-02
   4.5962330e+02   2.8550953e-02
   4.5974760e+02   2.8617665e-02
   4.5987200e+02   2.8685486e-02
   4.5999630e+02   2.8754294e-02
   4.6012060e+02   2.8824128e-02
   4.6024490e+02   2.8894972e-02
   4.6036920e+02   2.8966807e-02
   4.6049360e+02   2.9039671e-02
   4.6061790e+02   2.9113427e-02
   4.6074220e+02   2.9188109e-02
   4.6086660e+02   2.9263754e-02
   4.6099090e+02   2.9340214e-02
   4.6111520e+02   2.9417521e-02
   4.6123960e+02   2.9495708e-02
   4.6136390e+02   2.9574618e-02
   4.6148820e+02   2.9654282e-02
   4.6161250e+02   2.9734667e-02
   4.6173690e+02   2.9815807e-02
   4.6186120e+02   2.9897537e-02
   4.6198550e+02   2.9979890e-02
   4.6210990e+02   3.0062896e-02
   4.6223420e+02   3.0146384e-02
   4.6235850e+02   3.0230383e-02
   4.6248290e+02   3.0314926e-02
   4.6260720e+02   3.0399839e-02
   4.6273150e+02   3.0485155e-02
   4.6285590e+02   3.0570904e-02
   4.6298020e+02   3.0656908e-02
   4.6310450e+02   3.0743196e-02
   4.6322890e+02   3.0829797e-02
   4.6335320e+02   3.0916531e-02
   4.6347750e+02   3.1003425e-02
   4.6360190e+02   3.1090509e-02
   4.6372620e+02   3.1177604e-02
   4.6385050e+02   3.1264742e-02
   4.6397480e+02   3.1351889e-02
   4.6409920e+02   3.1439080e-02
   4.6422350e+02   3.1526141e-02
   4.6434790e+02   3.1613178e-02
   4.6447220e+02   3.1700017e-02
   4.6459650e+02   3.1786691e-02
   4.6472080e+02   3.1873167e-02
   4.6484510e+02   3.1959408e-02
   4.6496950e+02   3.2045447e-02
   4.6509380e+02   3.2131112e-02
   4.6521820e+02   3.2216503e-02
   4.6534250e+02   3.2301450e-02
   4.6546680e+02   3.2385983e-02
   4.6559110e+02   3.2470067e-02
   4.6571540e+02   3.2553660e-02
   4.6583980e+02   3.2636793e-02
   4.6596410e+02   3.2719292e-02
   4.6608840e+02   3.2801185e-02
   4.6621280e+02   3.2882498e-02
   4.6633710e+02   3.2963059e-02
   4.6646140e+02   3.3042892e-02
   4.6658570e+02   3.3121957e-02
   4.6671010e+02   3.3200276e-02
   4.6683440e+02   3.3277682e-02
   4.6695870e+02   3.3354198e-02
   4.6708310e+02   3.3429846e-02
   4.6720740e+02   3.3504467e-02
   4.6733170e+02   3.3578086e-02
   4.6745610e+02   3.3650724e-02
   4.6758040e+02   3.3722230e-02
   4.6770470e+02   3.3792622e-02
   4.6782910e+02   3.3861916e-02
   4.6795340e+02   3.3929956e-02
   4.6807770e+02   3.3996757e-02
   4.6820210e+02   3.4062324e-02
   4.6832640e+02   3.4126507e-02
   4.6845070e+02   3.4189315e-02
   4.6857500e+02   3.4250703e-02
   4.6869940e+02   3.4310675e-02
   4.6882370e+02   3.4369087e-02
   4.6894800e+02   3.4425941e-02
   4.6907240e+02   3.4481236e-02
   4.6919670e+02   3.4534840e-02
   4.6932100e+02   3.4586754e-02
   4.6944540e+02   3.4636980e-02
   4.6956970e+02   3.4685398e-02
   4.6969400e+02   3.4732010e-02
   4.6981840e+02   3.4776812e-02
   4.6994270e+02   3.4819696e-02
   4.7006700e+02   3.4860664e-02
   4.7019130e+02   3.4899683e-02
   4.7031570e+02   3.4936750e-02
   4.7044000e+02   3.4971776e-02
   4.7056430e+02   3.5004764e-02
   4.7068870e+02   3.5035716e-02
   4.7081300e+02   3.5064560e-02
   4.7093730e+02   3.5091301e-02
   4.7106160e+02   3.5115920e-02
   4.7118600e+02   3.5138418e-02
   4.7131030e+02   3.5158744e-02
   4.7143460e+02   3.5176900e-02
   4.7155900e+02   3.5192882e-02
   4.7168330e+02   3.5206645e-02
   4.7180760e+02   3.5218183e-02
   4.7193190e+02   3.5227475e-02
   4.7205630e+02   3.5234503e-02
   4.7218060e+02   3.5239234e-02
   4.7230490e+02   3.5241651e-02
   4.7242930e+02   3.5241729e-02
   4.7255360e+02   3.5239448e-02
   4.7267790e+02   3.5234786e-02
   4.7280220e+02   3.5227722e-02
   4.7292660e+02   3.5218229e-02
   4.7305090e+02   3.5206311e-02
   4.7317520e+02   3.5191953e-02
   4.7329960e+02   3.5175140e-02
   4.7342390e+02   3.5155902e-02
   4.7354820e+02   3.5134231e-02
   4.7367260e+02   3.5110114e-02
   4.7379690e+02   3.5083601e-02
   4.7392120e+02   3.5054684e-02
   4.7404560e+02   3.5023349e-02
   4.7416990e+02   3.4989658e-02
   4.7429420e+02   3.4953598e-02
   4.7441860e+02   3.4915146e-02
   4.7454290e+02   3.4874374e-02
   4.7466720e+02   3.4831261e-02
   4.7479160e+02   3.4785785e-02
   4.7491590e+02   3.4738034e-02
   4.7504020e+02   3.4687988e-02
   4.7516460e+02   3.4635621e-02
   4.7528890e+02   3.4581037e-02
   4.7541320e+02   3.4524214e-02
   4.7553750e+02   3.4465174e-02
   4.7566190e+02   3.4403888e-02
   4.7578620e+02   3.4340479e-02
   4.7591050e+02   3.4274922e-02
   4.7603490e+02   3.4207187e-02
   4.7615920e+02   3.4137409e-02
   4.7628350e+02   3.4065560e-02
   4.7640780e+02   3.3991666e-02
   4.7653220e+02   3.3915692e-02
   4.7665650e+02   3.3837787e-02
   4.7678080e+02   3.3757919e-02
   4.7690520e+02   3.3676051e-02
   4.7702950e+02   3.3592342e-02
   4.7715380e+02   3.3506757e-02
   4.7727810e+02   3.3419322e-02
   4.7740250e+02   3.3329992e-02
   4.7752680e+02   3.3238932e-02
   4.7765110e+02   3.3146094e-02
   4.7777550e+02   3.3051422e-02
   4.7789980e+02   3.2955092e-02
   4.7802410e+02   3.2857053e-02
   4.7814840e+02   3.2757330e-02
   4.7827280e+02   3.2655866e-02
   4.7839710e+02   3.2552852e-02
   4.7852140e+02   3.2448231e-02
   4.7864580e+02   3.2341947e-02
   4.7877010e+02   3.2234198e-02
   4.7889440e+02   3.2124930e-02
   4.7901880e+02   3.2014088e-02
   4.7914310e+02   3.1901883e-02
   4.7926740e+02   3.1788264e-02
   4.7939170e+02   3.1673266e-02
   4.7951610e+02   3.1556831e-02
   4.7964040e+02   3.1439181e-02
   4.7976470e+02   3.1320258e-02
   4.7988910e+02   3.1199997e-02
   4.8001340e+02   3.1078628e-02
   4.8013770e+02   3.0956087e-02
   4.8026210e+02   3.0832313e-02
   4.8038640e+02   3.0707540e-02
   4.8051070e+02   3.0581709e-02
   4.8063510e+02   3.0454755e-02
   4.8075940e+02   3.0326921e-02
   4.8088370e+02   3.0198146e-02
   4.8100810e+02   3.0068365e-02
   4.8113240e+02   2.9937827e-02
   4.8125670e+02   2.9806473e-02
   4.8138110e+02   2.9674241e-02
   4.8150540e+02   2.9541391e-02
   4.8162970e+02   2.9407863e-02
   4.8175400e+02   2.9273699e-02
   4.8187840e+02   2.9138834e-02
   4.8200270e+02   2.9003526e-02
   4.8212700e+02   2.8867707e-02
   4.8225140e+02   2.8731308e-02
   4.8237570e+02   2.8594589e-02
   4.8250000e+02   2.8457481e-02
   4.8262430e+02   2.8320022e-02
   4.8274870e+02   2.8182142e-02
   4.8287300e+02   2.8044097e-02
   4.8299730e+02   2.7905818e-02
   4.8312170e+02   2.7767230e-02
   4.8324600e+02   2.7628596e-02
   4.8337030e+02   2.7489842e-02
   4.8349460e+02   2.7351006e-02
   4.8361890e+02   2.7212125e-02
   4.8374330e+02   2.7073127e-02
   4.8386760e+02   2.6934275e-02
   4.8399200e+02   2.6795391e-02
   4.8411630e+02   2.6656741e-02
   4.8424060e+02   2.6518263e-02
   4.8436490e+02   2.6380003e-02
   4.8448930e+02   2.6241898e-02
   4.8461360e+02   2.6104217e-02
   4.8473790e+02   2.5966894e-02
   4.8486230e+02   2.5829864e-02
   4.8498660e+02   2.5693391e-02
   4.8511090e+02   2.5557406e-02
   4.8523530e+02   2.5421843e-02
   4.8535960e+02   2.5286960e-02
   4.8548390e+02   2.5152688e-02
   4.8560830e+02   2.5018961e-02
   4.8573260e+02   2.4886036e-02
   4.8585690e+02   2.4753846e-02
   4.8598130e+02   2.4622331e-02
   4.8610560e+02   2.4491750e-02
   4.8622990e+02   2.4362051e-02
   4.8635420e+02   2.4233293e-02
   4.8647860e+02   2.4105436e-02
   4.8660290e+02   2.3978746e-02
   4.8672720e+02   2.3853181e-02
   4.8685160e+02   2.3728700e-02
   4.8697590e+02   2.3605556e-02
   4.8710020e+02   2.3483700e-02
   4.8722460e+02   2.3363084e-02
   4.8734890e+02   2.3243944e-02
   4.8747320e+02   2.3126224e-02
   4.8759760e+02   2.3009867e-02
   4.8772190e+02   2.2895095e-02
   4.8784620e+02   2.2781841e-02
   4.8797050e+02   2.2670130e-02
   4.8809490e+02   2.2559893e-02
   4.8821920e+02   2.2451325e-02
   4.8834350e+02   2.2344347e-02
   4.8846780e+02   2.2238972e-02
   4.8859220e+02   2.2135124e-02
   4.8871650e+02   2.2032980e-02
   4.8884080e+02   2.1932465e-02
   4.8896510e+02   2.1833586e-02
   4.8908950e+02   2.1736271e-02
   4.8921380e+02   2.1640680e-02
   4.8933810e+02   2.1546739e-02
   4.8946250e+02   2.1454374e-02
   4.8958680e+02   2.1363736e-02
   4.8971110e+02   2.1274751e-02
   4.8983540e+02   2.1187419e-02
   4.8995980e+02   2.1101670e-02
   4.9008410e+02   2.1017641e-02
   4.9020840e+02   2.0935258e-02
   4.9033280e+02   2.0854454e-02
   4.9045710e+02   2.0775355e-02
   4.9058140e+02   2.0697886e-02
   4.9070580e+02   2.0621983e-02
   4.9083010e+02   2.0547759e-02
   4.9095440e+02   2.0475144e-02
   4.9107880e+02   2.0404075e-02
   4.9120310e+02   2.0334659e-02
   4.9132740e+02   2.0266830e-02
   4.9145180e+02   2.0200527e-02
   4.9157610e+02   2.0135848e-02
   4.9170040e+02   2.0072732e-02
   4.9182480e+02   2.0011119e-02
   4.9194910e+02   1.9951102e-02
   4.9207340e+02   1.9892627e-02
   4.9219780e+02   1.9835646e-02
   4.9232210e+02   1.9780248e-02
   4.9244640e+02   1.9726387e-02
   4.9257080e+02   1.9674017e-02
   4.9269510e+02   1.9623223e-02
   4.9281940e+02   1.9573958e-02
   4.9294380e+02   1.9526182e-02
   4.9306810e+02   1.9479971e-02
   4.9319240e+02   1.9435280e-02
   4.9331670e+02   1.9392102e-02
   4.9344100e+02   1.9350431e-02
   4.9356540e+02   1.9310227e-02
   4.9368970e+02   1.9271546e-02
   4.9381400e+02   1.9234346e-02
   4.9393840e+02   1.9198589e-02
   4.9406270e+02   1.9164322e-02
   4.9418700e+02   1.9131503e-02
   4.9431130e+02   1.9100122e-02
   4.9443570e+02   1.9070143e-02
   4.9456000e+02   1.9041602e-02
   4.9468430e+02   1.9014459e-02
   4.9480870e+02   1.8988681e-02
   4.9493300e+02   1.8964294e-02
   4.9505730e+02   1.8941261e-02
   4.9518160e+02   1.8919567e-02
   4.9530600e+02   1.8899178e-02
   4.9543030e+02   1.8880108e-02
   4.9555460e+02   1.8862321e-02
   4.9567900e+02   1.8845788e-02
   4.9580330e+02   1.8830521e-02
   4.9592760e+02   1.8816491e-02
   4.9605200e+02   1.8803675e-02
   4.9617630e+02   1.8792081e-02
   4.9630060e+02   1.8781688e-02
   4.9642500e+02   1.8772480e-02
   4.9654930e+02   1.8764461e-02
   4.9667360e+02   1.8757614e-02
   4.9679790e+02   1.8751929e-02
   4.9692230e+02   1.8747392e-02
   4.9704660e+02   1.8743996e-02
   4.9717090e+02   1.8741726e-02
   4.9729530e+02   1.8740568e-02
   4.9741960e+02   1.8740510e-02
   4.9754390e+02   1.8741540e-02
   4.9766830e+02   1.8743651e-02
   4.9779260e+02   1.8746831e-02
   4.9791690e+02   1.8751074e-02
   4.9804130e+02   1.8756378e-02
   4.9816560e+02   1.8762733e-02
   4.9828990e+02   1.8770142e-02
   4.9841430e+02   1.8778609e-02
   4.9853860e+02   1.8788120e-02
   4.9866290e+02   1.8798684e-02
   4.9878720e+02   1.8810305e-02
   4.9891160e+02   1.8822998e-02
   4.9903590e+02   1.8836752e-02
   4.9916020e+02   1.8851586e-02
   4.9928460e+02   1.8867522e-02
   4.9940890e+02   1.8884546e-02
   4.9953320e+02   1.8902678e-02
   4.9965750e+02   1.8921928e-02
   4.9978190e+02   1.8942325e-02
   4.9990620e+02   1.8963847e-02
   5.0003050e+02   1.8986520e-02
   5.0015490e+02   1.9010375e-02
   5.0027920e+02   1.9035387e-02
   5.0040350e+02   1.9061587e-02
   5.0052780e+02   1.9088989e-02
   5.0065220e+02   1.9117632e-02
   5.0077650e+02   1.9147482e-02
   5.0090080e+02   1.9178575e-02
   5.0102520e+02   1.9210950e-02
   5.0114950e+02   1.9244565e-02
   5.0127380e+02   1.9279462e-02
   5.0139810e+02   1.9315655e-02
   5.0152250e+02   1.9353191e-02
   5.0164680e+02   1.9392029e-02
   5.0177110e+02   1.9432216e-02
   5.0189550e+02   1.9473802e-02
   5.0201980e+02   1.9516738e-02
   5.0214410e+02   1.9561074e-02
   5.0226850e+02   1.9606864e-02
   5.0239280e+02   1.9654054e-02
   5.0251710e+02   1.9702701e-02
   5.0264150e+02   1.9752866e-02
   5.0276580e+02   1.9804491e-02
   5.0289010e+02   1.9857637e-02
   5.0301450e+02   1.9912369e-02
   5.0313880e+02   1.9968620e-02
   5.0326310e+02   2.0026455e-02
   5.0338750e+02   2.0085942e-02
   5.0351180e+02   2.0147004e-02
   5.0363610e+02   2.0209707e-02
   5.0376040e+02   2.0274070e-02
   5.0388480e+02   2.0340161e-02
   5.0400910e+02   2.0407893e-02
   5.0413340e+02   2.0477332e-02
   5.0425780e+02   2.0548554e-02
   5.0438210e+02   2.0621458e-02
   5.0450640e+02   2.0696117e-02
   5.0463080e+02   2.0772605e-02
   5.0475510e+02   2.0850813e-02
   5.0487940e+02   2.0930815e-02
   5.0500370e+02   2.1012623e-02
   5.0512810e+02   2.1096317e-02
   5.0525240e+02   2.1181770e-02
   5.0537670e+02   2.1269058e-02
   5.0550110e+02   2.1358261e-02
   5.0562540e+02   2.1449245e-02
   5.0574970e+02   2.1542087e-02
   5.0587400e+02   2.1636793e-02
   5.0599840e+02   2.1733446e-02
   5.0612270e+02   2.1831896e-02
   5.0624700e+02   2.1932229e-02
   5.0637140e+02   2.2034534e-02
   5.0649570e+02   2.2138651e-02
   5.0662000e+02   2.2244665e-02
   5.0674430e+02   2.2352580e-02
   5.0686870e+02   2.2462484e-02
   5.0699300e+02   2.2574203e-02
   5.0711730e+02   2.2687821e-02
   5.0724170e+02   2.2803433e-02
   5.0736600e+02   2.2920847e-02
   5.0749030e+02   2.3040151e-02
   5.0761460e+02   2.3161338e-02
   5.0773900e+02   2.3284494e-02
   5.0786330e+02   2.3409405e-02
   5.0798760e+02   2.3536151e-02
   5.0811200e+02   2.3664818e-02
   5.0823630e+02   2.3795179e-02
   5.0836060e+02   2.3927318e-02
   5.0848500e+02   2.4061323e-02
   5.0860930e+02   2.4196961e-02
   5.0873360e+02   2.4334317e-02
   5.0885800e+02   2.4473483e-02
   5.0898230e+02   2.4614213e-02
   5.0910660e+02   2.4756593e-02
   5.0923100e+02   2.4900712e-02
   5.0935530e+02   2.5046310e-02
   5.0947960e+02   2.5193470e-02
   5.0960400e+02   2.5342281e-02
   5.0972830e+02   2.5492470e-02
   5.0985260e+02   2.5644120e-02
   5.0997700e+02   2.5797318e-02
   5.1010130e+02   2.5951781e-02
   5.1022560e+02   2.6107594e-02
   5.1034990e+02   2.6264721e-02
   5.1047430e+02   2.6423251e-02
   5.1059860e+02   2.6582893e-02
   5.1072290e+02   2.6743736e-02
   5.1084730e+02   2.6905876e-02
   5.1097160e+02   2.7069015e-02
   5.1109590e+02   2.7233247e-02
   5.1122020e+02   2.7398536e-02
   5.1134460e+02   2.7564980e-02
   5.1146890e+02   2.7732276e-02
   5.1159320e+02   2.7900520e-02
   5.1171760e+02   2.8069808e-02
   5.1184190e+02   2.8239828e-02
   5.1196620e+02   2.8410675e-02
   5.1209050e+02   2.8582307e-02
   5.1221490e+02   2.8754819e-02
   5.1233920e+02   2.8927890e-02
   5.1246350e+02   2.9101614e-02
   5.1258780e+02   2.9275943e-02
   5.1271220e+02   2.9450970e-02
   5.1283650e+02   2.9626362e-02
   5.1296080e+02   2.9802209e-02
   5.1308520e+02   2.9978602e-02
   5.1320950e+02   3.0155207e-02
   5.1333380e+02   3.0332115e-02
   5.1345820e+02   3.0509419e-02
   5.1358250e+02   3.0686782e-02
   5.1370680e+02   3.0864296e-02
   5.1383120e+02   3.1042050e-02
   5.1395550e+02   3.1219703e-02
   5.1407980e+02   3.1397338e-02
   5.1420420e+02   3.1575041e-02
   5.1432850e+02   3.1752466e-02
   5.1445280e+02   3.1929696e-02
   5.1457710e+02   3.2106666e-02
   5.1470150e+02   3.2283454e-02
   5.1482580e+02   3.2459711e-02
   5.1495010e+02   3.2635512e-02
   5.1507450e+02   3.2810931e-02
   5.1519880e+02   3.2985619e-02
   5.1532310e+02   3.3159652e-02
   5.1544750e+02   3.3333099e-02
   5.1557180e+02   3.3505613e-02
   5.1569610e+02   3.3677263e-02
   5.1582050e+02   3.3848110e-02
   5.1594480e+02   3.4017803e-02
   5.1606910e+02   3.4186398e-02
   5.1619350e+02   3.4353949e-02
   5.1631780e+02   3.4520100e-02
   5.1644210e+02   3.4684901e-02
   5.1656640e+02   3.4848264e-02
   5.1669080e+02   3.5010237e-02
   5.1681510e+02   3.5170479e-02
   5.1693940e+02   3.5329048e-02
   5.1706380e+02   3.5486003e-02
   5.1718810e+02   3.5641034e-02
   5.1731240e+02   3.5794216e-02
   5.1743670e+02   3.5945502e-02
   5.1756100e+02   3.6094849e-02
   5.1768540e+02   3.6242332e-02
   5.1780970e+02   3.6387671e-02
   5.1793400e+02   3.6530941e-02
   5.1805840e+02   3.6672208e-02
   5.1818270e+02   3.6811198e-02
   5.1830700e+02   3.6947981e-02
   5.1843130e+02   3.7082516e-02
   5.1855570e+02   3.7214868e-02
   5.1868000e+02   3.7344792e-02
   5.1880430e+02   3.7472361e-02
   5.1892870e+02   3.7597641e-02
   5.1905300e+02   3.7720395e-02
   5.1917730e+02   3.7840687e-02
   5.1930170e+02   3.7958574e-02
   5.1942600e+02   3.8073834e-02
   5.1955030e+02   3.8186530e-02
   5.1967470e+02   3.8296717e-02
   5.1979900e+02   3.8404186e-02
   5.1992330e+02   3.8508992e-02
   5.2004770e+02   3.8611182e-02
   5.2017200e+02   3.8710555e-02
   5.2029630e+02   3.8807159e-02
   5.2042070e+02   3.8901034e-02
   5.2054500e+02   3.8991995e-02
   5.2066930e+02   3.9080089e-02
   5.2079370e+02   3.9165357e-02
   5.2091800e+02   3.9247644e-02
   5.2104230e+02   3.9327001e-02
   5.2116670e+02   3.9403474e-02
   5.2129100e+02   3.9476928e-02
   5.2141530e+02   3.9547414e-02
   5.2153960e+02   3.9614922e-02
   5.2166400e+02   3.9679494e-02
   5.2178830e+02   3.9741020e-02
   5.2191260e+02   3.9799549e-02
   5.2203700e+02   3.9855119e-02
   5.2216130e+02   3.9907633e-02
   5.2228560e+02   3.9957127e-02
   5.2240990e+02   4.0003594e-02
   5.2253430e+02   4.0047059e-02
   5.2265860e+02   4.0087449e-02
   5.2278290e+02   4.0124800e-02
   5.2290720e+02   4.0159116e-02
   5.2303160e+02   4.0190427e-02
   5.2315590e+02   4.0218692e-02
   5.2328020e+02   4.0243953e-02
   5.2340460e+02   4.0266245e-02
   5.2352890e+02   4.0285557e-02
   5.2365320e+02   4.0301938e-02
   5.2377750e+02   4.0315423e-02
   5.2390190e+02   4.0326054e-02
   5.2402620e+02   4.0333853e-02
   5.2415050e+02   4.0338865e-02
   5.2427490e+02   4.0341128e-02
   5.2439920e+02   4.0340672e-02
   5.2452350e+02   4.0337533e-02
   5.2464790e+02   4.0331733e-02
   5.2477220e+02   4.0323312e-02
   5.2489650e+02   4.0312294e-02
   5.2502080e+02   4.0298712e-02
   5.2514520e+02   4.0282583e-02
   5.2526950e+02   4.0263968e-02
   5.2539380e+02   4.0242886e-02
   5.2551820e+02   4.0219351e-02
   5.2564250e+02   4.0193433e-02
   5.2576680e+02   4.0165145e-02
   5.2589120e+02   4.0134490e-02
   5.2601550e+02   4.0101543e-02
   5.2613980e+02   4.0066310e-02
   5.2626420e+02   4.0028782e-02
   5.2638850e+02   3.9989046e-02
   5.2651280e+02   3.9947099e-02
   5.2663720e+02   3.9902931e-02
   5.2676150e+02   3.9856642e-02
   5.2688580e+02   3.9808230e-02
   5.2701020e+02   3.9757693e-02
   5.2713450e+02   3.9705155e-02
   5.2725880e+02   3.9650626e-02
   5.2738310e+02   3.9594161e-02
   5.2750750e+02   3.9535773e-02
   5.2763180e+02   3.9475620e-02
   5.2775610e+02   3.9413720e-02
   5.2788050e+02   3.9350089e-02
   5.2800480e+02   3.9284898e-02
   5.2812910e+02   3.9218163e-02
   5.2825340e+02   3.9149953e-02
   5.2837780e+02   3.9080278e-02
   5.2850210e+02   3.9009317e-02
   5.2862640e+02   3.8937077e-02
   5.2875080e+02   3.8863559e-02
   5.2887510e+02   3.8788939e-02
   5.2899940e+02   3.8713214e-02
   5.2912370e+02   3.8636436e-02
   5.2924810e+02   3.8558589e-02
   5.2937240e+02   3.8479843e-02
   5.2949670e+02   3.8400176e-02
   5.2962110e+02   3.8319566e-02
   5.2974540e+02   3.8238181e-02
   5.2986970e+02   3.8155999e-02
   5.2999400e+02   3.8073062e-02
   5.3011840e+02   3.7989344e-02
   5.3024270e+02   3.7905022e-02
   5.3036700e+02   3.7820070e-02
   5.3049140e+02   3.7734462e-02
   5.3061570e+02   3.7648379e-02
   5.3074000e+02   3.7561798e-02
   5.3086440e+02   3.7474691e-02
   5.3098870e+02   3.7387237e-02
   5.3111300e+02   3.7299402e-02
   5.3123740e+02   3.7211149e-02
   5.3136170e+02   3.7122650e-02
   5.3148600e+02   3.7033863e-02
   5.3161040e+02   3.6944741e-02
   5.3173470e+02   3.6855452e-02
   5.3185900e+02   3.6765945e-02
   5.3198330e+02   3.6676240e-02
   5.3210770e+02   3.6586284e-02
   5.3223200e+02   3.6496236e-02
   5.3235630e+02   3.6406037e-02
   5.3248070e+02   3.6315627e-02
   5.3260500e+02   3.6225164e-02
   5.3272930e+02   3.6134594e-02
   5.3285370e+02   3.6043859e-02
   5.3297800e+02   3.5953129e-02
   5.3310230e+02   3.5862353e-02
   5.3322670e+02   3.5771482e-02
   5.3335100e+02   3.5680686e-02
   5.3347530e+02   3.5589914e-02
   5.3359960e+02   3.5499188e-02
   5.3372400e+02   3.5408455e-02
   5.3384830e+02   3.5317879e-02
   5.3397260e+02   3.5227402e-02
   5.3409700e+02   3.5136965e-02
   5.3422130e+02   3.5046722e-02
   5.3434560e+02   3.4956606e-02
   5.3446990e+02   3.4866625e-02
   5.3459430e+02   3.4776710e-02
   5.3471860e+02   3.4687008e-02
   5.3484290e+02   3.4597447e-02
   5.3496730e+02   3.4507956e-02
   5.3509160e+02   3.4418678e-02
   5.3521590e+02   3.4329540e-02
   5.3534020e+02   3.4240542e-02
   5.3546460e+02   3.4151609e-02
   5.3558890e+02   3.4062882e-02
   5.3571320e+02   3.3974285e-02
   5.3583760e+02   3.3885740e-02
   5.3596190e+02   3.3797381e-02
   5.3608620e+02   3.3709128e-02
   5.3621050e+02   3.3620970e-02
   5.3633490e+02   3.3532822e-02
   5.3645920e+02   3.3444814e-02
   5.3658350e+02   3.3356860e-02
   5.3670790e+02   3.3268873e-02
   5.3683220e+02   3.3180983e-02
   5.3695650e+02   3.3093107e-02
   5.3708090e+02   3.3005165e-02
   5.3720520e+02   3.2917293e-02
   5.3732950e+02   3.2829414e-02
   5.3745390e+02   3.2741451e-02
   5.3757820e+02   3.2653541e-02
   5.3770250e+02   3.2565608e-02
   5.3782690e+02   3.2477577e-02
   5.3795120e+02   3.2389584e-02
   5.3807550e+02   3.2301552e-02
   5.3819990e+02   3.2213403e-02
   5.3832420e+02   3.2125271e-02
   5.3844850e+02   3.2037079e-02
   5.3857290e+02   3.1948751e-02
   5.3869720e+02   3.1860422e-02
   5.3882150e+02   3.1772013e-02
   5.3894580e+02   3.1683515e-02
   5.3907020e+02   3.1594847e-02
   5.3919450e+02   3.1506143e-02
   5.3931880e+02   3.1417323e-02
   5.3944320e+02   3.1328311e-02
   5.3956750e+02   3.1239247e-02
   5.3969180e+02   3.1150056e-02
   5.3981610e+02   3.1060737e-02
   5.3994050e+02   3.0971213e-02
   5.4006480e+02   3.0881627e-02
   5.4018910e+02   3.0791905e-02
   5.4031350e+02   3.0701977e-02
   5.4043780e+02   3.0611995e-02
   5.4056210e+02   3.0521898e-02
   5.4068640e+02   3.0431701e-02
   5.4081080e+02   3.0341352e-02
   5.4093510e+02   3.0251021e-02
   5.4105940e+02   3.0160662e-02
   5.4118370e+02   3.0070304e-02
   5.4130810e+02   2.9979904e-02
   5.4143240e+02   2.9889640e-02
   5.4155670e+02   2.9799475e-02
   5.4168110e+02   2.9709372e-02
   5.4180540e+02   2.9619515e-02
   5.4192970e+02   2.9529872e-02
   5.4205410e+02   2.9440415e-02
   5.4217840e+02   2.9351335e-02
   5.4230270e+02   2.9262616e-02
   5.4242710e+02   2.9174245e-02
   5.4255140e+02   2.9086433e-02
   5.4267570e+02   2.8999180e-02
   5.4280000e+02   2.8912567e-02
   5.4292440e+02   2.8826611e-02
   5.4304870e+02   2.8741543e-02
   5.4317300e+02   2.8657396e-02
   5.4329740e+02   2.8574212e-02
   5.4342170e+02   2.8492244e-02
   5.4354600e+02   2.8411552e-02
   5.4367040e+02   2.8332215e-02
   5.4379470e+02   2.8254508e-02
   5.4391900e+02   2.8178526e-02
   5.4404340e+02   2.8104377e-02
   5.4416770e+02   2.8032353e-02
   5.4429200e+02   2.7962577e-02
   5.4441640e+02   2.7895188e-02
   5.4454070e+02   2.7830496e-02
   5.4466500e+02   2.7768657e-02
   5.4478940e+02   2.7709845e-02
   5.4491370e+02   2.7654390e-02
   5.4503800e+02   2.7602484e-02
   5.4516230e+02   2.7554386e-02
   5.4528670e+02   2.7510329e-02
   5.4541100e+02   2.7470667e-02
   5.4553530e+02   2.7435662e-02
   5.4565960e+02   2.7405627e-02
   5.4578400e+02   2.7380875e-02
   5.4590830e+02   2.7361789e-02
   5.4603260e+02   2.7348703e-02
   5.4615700e+02   2.7341987e-02
   5.4628130e+02   2.7342034e-02
   5.4640560e+02   2.7349239e-02
   5.4652990e+02   2.7364015e-02
   5.4665430e+02   2.7386813e-02
   5.4677860e+02   2.7418042e-02
   5.4690290e+02   2.7458176e-02
   5.4702720e+02   2.7507691e-02
   5.4715160e+02   2.7567129e-02
   5.4727590e+02   2.7636898e-02
   5.4740020e+02   2.7717565e-02
   5.4752460e+02   2.7809748e-02
   5.4764890e+02   2.7913858e-02
   5.4777320e+02   2.8030546e-02
   5.4789760e+02   2.8160520e-02
   5.4802190e+02   2.8304197e-02
   5.4814620e+02   2.8462316e-02
   5.4827060e+02   2.8635688e-02
   5.4839490e+02   2.8824718e-02
   5.4851920e+02   2.9030242e-02
   5.4864360e+02   2.9253174e-02
   5.4876790e+02   2.9493903e-02
   5.4889220e+02   2.9753370e-02
   5.4901660e+02   3.0032595e-02
   5.4914090e+02   3.0331938e-02
   5.4926520e+02   3.0652443e-02
   5.4938960e+02   3.0995240e-02
   5.4951390e+02   3.1360647e-02
   5.4963820e+02   3.1749819e-02
   5.4976250e+02   3.2163663e-02
   5.4988690e+02   3.2603470e-02
   5.5001120e+02   3.3069483e-02
   5.5013550e+02   3.3563009e-02
   5.5025990e+02   3.4085463e-02
   5.5038420e+02   3.4637009e-02
   5.5050850e+02   3.5219076e-02
   5.5063290e+02   3.5833214e-02
   5.5075720e+02   3.6479499e-02
   5.5088150e+02   3.7159495e-02
   5.5100580e+02   3.7874304e-02
   5.5113020e+02   3.8625667e-02
   5.5125450e+02   3.9413518e-02
   5.5137880e+02   4.0239604e-02
   5.5150320e+02   4.1105815e-02
   5.5162750e+02   4.2011954e-02
   5.5175180e+02   4.2959917e-02
   5.5187610e+02   4.3950931e-02
   5.5200050e+02   4.4987093e-02
   5.5212480e+02   4.6067998e-02
   5.5224910e+02   4.7195734e-02
   5.5237340e+02   4.8371585e-02
   5.5249780e+02   4.9597853e-02
   5.5262210e+02   5.0873877e-02
   5.5274640e+02   5.2201943e-02
   5.5287080e+02   5.3584515e-02
   5.5299510e+02   5.5020713e-02
   5.5311940e+02   5.6512980e-02
   5.5324380e+02   5.8063949e-02
   5.5336810e+02   5.9672499e-02
   5.5349240e+02   6.1341232e-02
   5.5361670e+02   6.3071532e-02
   5.5374110e+02   6.4866263e-02
   5.5386540e+02   6.6723933e-02
   5.5398970e+02   6.8647361e-02
   5.5411410e+02   7.0639576e-02
   5.5423840e+02   7.2698780e-02
   5.5436270e+02   7.4827948e-02
   5.5448710e+02   7.7030283e-02
   5.5461140e+02   7.9303643e-02
   5.5473570e+02   8.1651162e-02
   5.5486010e+02   8.4076206e-02
   5.5498440e+02   8.6576256e-02
   5.5510870e+02   8.9154602e-02
   5.5523310e+02   9.1814770e-02
   5.5535740e+02   9.4553829e-02
   5.5548170e+02   9.7375209e-02
   5.5560610e+02   1.0028259e-01
   5.5573040e+02   1.0327259e-01
   5.5585470e+02   1.0634879e-01
   5.5597910e+02   1.0951501e-01
   5.5610340e+02   1.1276740e-01
   5.5622770e+02   1.1610968e-01
   5.5635200e+02   1.1954303e-01
   5.5647640e+02   1.2307147e-01
   5.5660070e+02   1.2669047e-01
   5.5672500e+02   1.3040391e-01
   5.5684930e+02   1.3421287e-01
   5.5697370e+02   1.3812155e-01
   5.5709800e+02   1.4212468e-01
   5.5722230e+02   1.4622632e-01
   5.5734670e+02   1.5043083e-01
   5.5747100e+02   1.5473235e-01
   5.5759530e+02   1.5913509e-01
   5.5771960e+02   1.6363987e-01
   5.5784400e+02   1.6825123e-01
   5.5796830e+02   1.7296249e-01
   5.5809260e+02   1.7777801e-01
   5.5821700e+02   1.8270242e-01
   5.5834130e+02   1.8772840e-01
   5.5846560e+02   1.9286039e-01
   5.5858990e+02   1.9809887e-01
   5.5871430e+02   2.0344864e-01
   5.5883860e+02   2.0890148e-01
   5.5896290e+02   2.1446201e-01
   5.5908730e+02   2.2013512e-01
   5.5921160e+02   2.2591197e-01
   5.5933590e+02   2.3179728e-01
   5.5946030e+02   2.3779609e-01
   5.5958460e+02   2.4389886e-01
   5.5970890e+02   2.5011046e-01
   5.5983330e+02   2.5643602e-01
   5.5995760e+02   2.6286535e-01
   5.6008190e+02   2.6940342e-01
   5.6020630e+02   2.7605551e-01
   5.6033060e+02   2.8281078e-01
   5.6045490e+02   2.8967433e-01
   5.6057920e+02   2.9664593e-01
   5.6070360e+02   3.0373103e-01
   5.6082790e+02   3.1091791e-01
   5.6095220e+02   3.1821181e-01
   5.6107660e+02   3.2561828e-01
   5.6120090e+02   3.3312487e-01
   5.6132520e+02   3.4073691e-01
   5.6144960e+02   3.4845999e-01
   5.6157390e+02   3.5628098e-01
   5.6169820e+02   3.6420528e-01
   5.6182260e+02   3.7223858e-01
   5.6194690e+02   3.8036713e-01
   5.6207120e+02   3.8859644e-01
   5.6219550e+02   3.9692559e-01
   5.6231990e+02   4.0536044e-01
   5.6244420e+02   4.1388643e-01
   5.6256850e+02   4.2250926e-01
   5.6269290e+02   4.3123492e-01
   5.6281720e+02   4.4004828e-01
   5.6294150e+02   4.4895517e-01
   5.6306580e+02   4.5795438e-01
   5.6319020e+02   4.6705203e-01
   5.6331450e+02   4.7623220e-01
   5.6343880e+02   4.8550085e-01
   5.6356320e+02   4.9486416e-01
   5.6368750e+02   5.0430567e-01
   5.6381180e+02   5.1383143e-01
   5.6393610e+02   5.2343996e-01
   5.6406050e+02   5.3313759e-01
   5.6418480e+02   5.4290718e-01
   5.6430910e+02   5.5275496e-01
   5.6443340e+02   5.6267935e-01
   5.6455780e+02   5.7268682e-01
   5.6468210e+02   5.8275964e-01
   5.6480640e+02   5.9290417e-01
   5.6493080e+02   6.0312694e-01
   5.6505510e+02   6.1340978e-01
   5.6517940e+02   6.2375910e-01
   5.6530380e+02   6.3418148e-01
   5.6542810e+02   6.4465830e-01
   5.6555240e+02   6.5519605e-01
   5.6567680e+02   6.6580136e-01
   5.6580110e+02   6.7645528e-01
   5.6592540e+02   6.8716441e-01
   5.6604980e+02   6.9793552e-01
   5.6617410e+02   7.0874941e-01
   5.6629840e+02   7.1961286e-01
   5.6642280e+02   7.3053284e-01
   5.6654710e+02   7.4149000e-01
   5.6667140e+02   7.5249132e-01
   5.6679580e+02   7.6354396e-01
   5.6692010e+02   7.7462846e-01
   5.6704440e+02   7.8575198e-01
   5.6716880e+02   7.9692187e-01
   5.6729310e+02   8.0811854e-01
   5.6741740e+02   8.1934932e-01
   5.6754170e+02   8.3061263e-01
   5.6766610e+02   8.4191597e-01
   5.6779040e+02   8.5323958e-01
   5.6791470e+02   8.6459094e-01
   5.6803910e+02   8.7597763e-01
   5.6816340e+02   8.8737975e-01
   5.6828770e+02   8.9880485e-01
   5.6841200e+02   9.1025136e-01
   5.6853640e+02   9.2172691e-01
   5.6866070e+02   9.3321149e-01
   5.6878500e+02   9.4471276e-01
   5.6890940e+02   9.5623844e-01
   5.6903370e+02   9.6776846e-01
   5.6915800e+02   9.7931053e-01
   5.6928230e+02   9.9086311e-01
   5.6940670e+02   1.0024340e+00
   5.6953100e+02   1.0140029e+00
   5.6965530e+02   1.0255777e+00
   5.6977960e+02   1.0371567e+00
   5.6990400e+02   1.0487477e+00
   5.7002830e+02   1.0603305e+00
   5.7015260e+02   1.0719126e+00
   5.7027700e+02   1.0835017e+00
   5.7040130e+02   1.0950777e+00
   5.7052560e+02   1.1066481e+00
   5.7065000e+02   1.1182206e+00
   5.7077430e+02   1.1297749e+00
   5.7089860e+02   1.1413189e+00
   5.7102290e+02   1.1528510e+00
   5.7114730e+02   1.1643791e+00
   5.7127160e+02   1.1758832e+00
   5.7139590e+02   1.1873714e+00
   5.7152030e+02   1.1988518e+00
   5.7164460e+02   1.2103048e+00
   5.7176890e+02   1.2217385e+00
   5.7189330e+02   1.2331610e+00
   5.7201760e+02   1.2445531e+00
   5.7214190e+02   1.2559230e+00
   5.7226630e+02   1.2672789e+00
   5.7239060e+02   1.2786015e+00
   5.7251490e+02   1.2898991e+00
   5.7263930e+02   1.3011799e+00
   5.7276360e+02   1.3124247e+00
   5.7288790e+02   1.3236417e+00
   5.7301230e+02   1.3348390e+00
   5.7313660e+02   1.3459977e+00
   5.7326090e+02   1.3571257e+00
   5.7338530e+02   1.3682312e+00
   5.7350960e+02   1.3792952e+00
   5.7363390e+02   1.3903259e+00
   5.7375820e+02   1.4013222e+00
   5.7388260e+02   1.4122921e+00
   5.7400690e+02   1.4232169e+00
   5.7413120e+02   1.4341045e+00
   5.7425550e+02   1.4449538e+00
   5.7437990e+02   1.4557726e+00
   5.7450420e+02   1.4665424e+00
   5.7462850e+02   1.4772707e+00
   5.7475290e+02   1.4879652e+00
   5.7487720e+02   1.4986074e+00
   5.7500150e+02   1.5092048e+00
   5.7512580e+02   1.5197562e+00
   5.7525020e+02   1.5302688e+00
   5.7537450e+02   1.5407244e+00
   5.7549880e+02   1.5511302e+00
   5.7562320e+02   1.5614934e+00
   5.7574750e+02   1.5717961e+00
   5.7587180e+02   1.5820452e+00
   5.7599610e+02   1.5922396e+00
   5.7612050e+02   1.6023862e+00
   5.7624480e+02   1.6124674e+00
   5.7636910e+02   1.6224901e+00
   5.7649350e+02   1.6324612e+00
   5.7661780e+02   1.6423634e+00
   5.7674210e+02   1.6522035e+00
   5.7686650e+02   1.6619881e+00
   5.7699080e+02   1.6717003e+00
   5.7711510e+02   1.6813465e+00
   5.7723950e+02   1.6909331e+00
   5.7736380e+02   1.7004434e+00
   5.7748810e+02   1.7098835e+00
   5.7761250e+02   1.7192595e+00
   5.7773680e+02   1.7285547e+00
   5.7786110e+02   1.7377751e+00
   5.7798540e+02   1.7469189e+00
   5.7810980e+02   1.7559916e+00
   5.7823410e+02   1.7649771e+00
   5.7835840e+02   1.7738808e+00
   5.7848280e+02   1.7827080e+00
   5.7860710e+02   1.7914429e+00
   5.7873140e+02   1.8000907e+00
   5.7885580e+02   1.8086567e+00
   5.7898010e+02   1.8171253e+00
   5.7910440e+02   1.8255015e+00
   5.7922880e+02   1.8337903e+00
   5.7935310e+02   1.8419766e+00
   5.7947740e+02   1.8500653e+00
   5.7960170e+02   1.8580546e+00
   5.7972610e+02   1.8659490e+00
   5.7985040e+02   1.8737340e+00
   5.7997470e+02   1.8814142e+00
   5.8009910e+02   1.8889940e+00
   5.8022340e+02   1.8964594e+00
   5.8034770e+02   1.9038147e+00
   5.8047200e+02   1.9110581e+00
   5.8059640e+02   1.9181937e+00
   5.8072070e+02   1.9252082e+00
   5.8084500e+02   1.9321056e+00
   5.8096930e+02   1.9388842e+00
   5.8109370e+02   1.9455478e+00
   5.8121800e+02   1.9520838e+00
   5.8134230e+02   1.9584961e+00
   5.8146670e+02   1.9647882e+00
   5.8159100e+02   1.9709484e+00
   5.8171530e+02   1.9769804e+00
   5.8183960e+02   1.9828829e+00
   5.8196400e+02   1.9886591e+00
   5.8208830e+02   1.9942985e+00
   5.8221260e+02   1.9998047e+00
   5.8233700e+02   2.0051810e+00
   5.8246130e+02   2.0104176e+00
   5.8258560e+02   2.0155182e+00
   5.8271000e+02   2.0204860e+00
   5.8283430e+02   2.0253123e+00
   5.8295860e+02   2.0300008e+00
   5.8308300e+02   2.0345547e+00
   5.8320730e+02   2.0389663e+00
   5.8333160e+02   2.0432393e+00
   5.8345600e+02   2.0473770e+00
   5.8358030e+02   2.0513727e+00
   5.8370460e+02   2.0552303e+00
   5.8382900e+02   2.0589530e+00
   5.8395330e+02   2.0625354e+00
   5.8407760e+02   2.0659814e+00
   5.8420200e+02   2.0692942e+00
   5.8432630e+02   2.0724696e+00
   5.8445060e+02   2.0755114e+00
   5.8457500e+02   2.0784231e+00
   5.8469930e+02   2.0812014e+00
   5.8482360e+02   2.0838502e+00
   5.8494790e+02   2.0863712e+00
   5.8507230e+02   2.0887682e+00
   5.8519660e+02   2.0910393e+00
   5.8532090e+02   2.0931886e+00
   5.8544530e+02   2.0952203e+00
   5.8556960e+02   2.0971335e+00
   5.8569390e+02   2.0989329e+00
   5.8581820e+02   2.1006214e+00
   5.8594260e+02   2.1022036e+00
   5.8606690e+02   2.1036804e+00
   5.8619120e+02   2.1050570e+00
   5.8631550e+02   2.1063372e+00
   5.8643990e+02   2.1075263e+00
   5.8656420e+02   2.1086268e+00
   5.8668850e+02   2.1096444e+00
   5.8681290e+02   2.1105845e+00
   5.8693720e+02   2.1114507e+00
   5.8706150e+02   2.1122491e+00
   5.8718580e+02   2.1129848e+00
   5.8731020e+02   2.1136639e+00
   5.8743450e+02   2.1142908e+00
   5.8755880e+02   2.1148716e+00
   5.8768320e+02   2.1154123e+00
   5.8780750e+02   2.1159175e+00
   5.8793180e+02   2.1163932e+00
   5.8805620e+02   2.1168449e+00
   5.8818050e+02   2.1172773e+00
   5.8830480e+02   2.1176955e+00
   5.8842920e+02   2.1181046e+00
   5.8855350e+02   2.1185083e+00
   5.8867780e+02   2.1189110e+00
   5.8880210e+02   2.1193165e+00
   5.8892650e+02   2.1197287e+00
   5.8905080e+02   2.1201502e+00
   5.8917510e+02   2.1205842e+00
   5.8929950e+02   2.1210339e+00
   5.8942380e+02   2.1215011e+00
   5.8954810e+02   2.1219884e+00
   5.8967250e+02   2.1224986e+00
   5.8979680e+02   2.1230326e+00
   5.8992110e+02   2.1235926e+00
   5.9004550e+02   2.1241806e+00
   5.9016980e+02   2.1247969e+00
   5.9029410e+02   2.1254430e+00
   5.9041850e+02   2.1261203e+00
   5.9054280e+02   2.1268283e+00
   5.9066710e+02   2.1275679e+00
   5.9079140e+02   2.1283392e+00
   5.9091580e+02   2.1291430e+00
   5.9104010e+02   2.1299778e+00
   5.9116440e+02   2.1308440e+00
   5.9128880e+02   2.1317419e+00
   5.9141310e+02   2.1326695e+00
   5.9153740e+02   2.1336269e+00
   5.9166170e+02   2.1346133e+00
   5.9178610e+02   2.1356287e+00
   5.9191040e+02   2.1366703e+00
   5.9203470e+02   2.1377379e+00
   5.9215910e+02   2.1388310e+00
   5.9228340e+02   2.1399465e+00
   5.9240770e+02   2.1410838e+00
   5.9253200e+02   2.1422414e+00
   5.9265640e+02   2.1434187e+00
   5.9278070e+02   2.1446122e+00
   5.9290500e+02   2.1458215e+00
   5.9302940e+02   2.1470461e+00
   5.9315370e+02   2.1482827e+00
   5.9327800e+02   2.1495310e+00
   5.9340230e+02   2.1507900e+00
   5.9352670e+02   2.1520596e+00
   5.9365100e+02   2.1533368e+00
   5.9377530e+02   2.1546216e+00
   5.9389970e+02   2.1559140e+00
   5.9402400e+02   2.1572109e+00
   5.9414830e+02   2.1585121e+00
   5.9427270e+02   2.1598175e+00
   5.9439700e+02   2.1611234e+00
   5.9452130e+02   2.1624295e+00
   5.9464570e+02   2.1637350e+00
   5.9477000e+02   2.1650362e+00
   5.9489430e+02   2.1663320e+00
   5.9501870e+02   2.1676216e+00
   5.9514300e+02   2.1689008e+00
   5.9526730e+02   2.1701686e+00
   5.9539170e+02   2.1714239e+00
   5.9551600e+02   2.1726627e+00
   5.9564030e+02   2.1738838e+00
   5.9576460e+02   2.1750854e+00
   5.9588900e+02   2.1762664e+00
   5.9601330e+02   2.1774230e+00
   5.9613760e+02   2.1785544e+00
   5.9626200e+02   2.1796599e+00
   5.9638630e+02   2.1807358e+00
   5.9651060e+02   2.1817816e+00
   5.9663500e+02   2.1827966e+00
   5.9675930e+02   2.1837777e+00
   5.9688360e+02   2.1847243e+00
   5.9700790e+02   2.1856350e+00
   5.9713230e+02   2.1865092e+00
   5.9725660e+02   2.1873442e+00
   5.9738090e+02   2.1881394e+00
   5.9750530e+02   2.1888941e+00
   5.9762960e+02   2.1896059e+00
   5.9775390e+02   2.1902741e+00
   5.9787820e+02   2.1908977e+00
   5.9800260e+02   2.1914760e+00
   5.9812690e+02   2.1920070e+00
   5.9825120e+02   2.1924900e+00
   5.9837550e+02   2.1929242e+00
   5.9849990e+02   2.1933088e+00
   5.9862420e+02   2.1936424e+00
   5.9874850e+02   2.1939245e+00
   5.9887290e+02   2.1941547e+00
   5.9899720e+02   2.1943318e+00
   5.9912150e+02   2.1944557e+00
   5.9924580e+02   2.1945257e+00
   5.9937020e+02   2.1945414e+00
   5.9949450e+02   2.1945024e+00
   5.9961880e+02   2.1944082e+00
   5.9974320e+02   2.1942584e+00
   5.9986750e+02   2.1940528e+00
   5.9999180e+02   2.1937909e+00
   6.0011620e+02   2.1934721e+00
   6.0024050e+02   2.1930967e+00
   6.0036480e+02   2.1926640e+00
   6.0048920e+02   2.1921733e+00
   6.0061350e+02   2.1916253e+00
   6.0073780e+02   2.1910193e+00
   6.0086220e+02   2.1903547e+00
   6.0098650e+02   2.1896324e+00
   6.0111080e+02   2.1888518e+00
   6.0123520e+02   2.1880121e+00
   6.0135950e+02   2.1871147e+00
   6.0148380e+02   2.1861589e+00
   6.0160820e+02   2.1851438e+00
   6.0173250e+02   2.1840711e+00
   6.0185680e+02   2.1829400e+00
   6.0198120e+02   2.1817497e+00
   6.0210550e+02   2.1805022e+00
   6.0222980e+02   2.1791967e+00
   6.0235410e+02   2.1778336e+00
   6.0247850e+02   2.1764119e+00
   6.0260280e+02   2.1749343e+00
   6.0272710e+02   2.1734001e+00
   6.0285140e+02   2.1718099e+00
   6.0297580e+02   2.1701629e+00
   6.0310010e+02   2.1684622e+00
   6.0322440e+02   2.1667073e+00
   6.0334880e+02   2.1648973e+00
   6.0347310e+02   2.1630359e+00
   6.0359740e+02   2.1611222e+00
   6.0372170e+02   2.1591570e+00
   6.0384610e+02   2.1571394e+00
   6.0397040e+02   2.1550734e+00
   6.0409470e+02   2.1529581e+00
   6.0421910e+02   2.1507926e+00
   6.0434340e+02   2.1485811e+00
   6.0446770e+02   2.1463227e+00
   6.0459200e+02   2.1440183e+00
   6.0471640e+02   2.1416667e+00
   6.0484070e+02   2.1392726e+00
   6.0496500e+02   2.1368347e+00
   6.0508940e+02   2.1343519e+00
   6.0521370e+02   2.1318289e+00
   6.0533800e+02   2.1292643e+00
   6.0546240e+02   2.1266568e+00
   6.0558670e+02   2.1240113e+00
   6.0571100e+02   2.1213263e+00
   6.0583540e+02   2.1186002e+00
   6.0595970e+02   2.1158381e+00
   6.0608400e+02   2.1130384e+00
   6.0620830e+02   2.1102015e+00
   6.0633270e+02   2.1073258e+00
   6.0645700e+02   2.1044163e+00
   6.0658130e+02   2.1014712e+00
   6.0670570e+02   2.0984886e+00
   6.0683000e+02   2.0954737e+00
   6.0695430e+02   2.0924246e+00
   6.0707870e+02   2.0893392e+00
   6.0720300e+02   2.0862227e+00
   6.0732730e+02   2.0830729e+00
   6.0745170e+02   2.0798876e+00
   6.0757600e+02   2.0766720e+00
   6.0770030e+02   2.0734236e+00
   6.0782470e+02   2.0701401e+00
   6.0794900e+02   2.0668268e+00
   6.0807330e+02   2.0634811e+00
   6.0819760e+02   2.0601033e+00
   6.0832200e+02   2.0566907e+00
   6.0844630e+02   2.0532491e+00
   6.0857060e+02   2.0497758e+00
   6.0869500e+02   2.0462683e+00
   6.0881930e+02   2.0427325e+00
   6.0894360e+02   2.0391657e+00
   6.0906790e+02   2.0355683e+00
   6.0919230e+02   2.0319377e+00
   6.0931660e+02   2.0282798e+00
   6.0944090e+02   2.0245922e+00
   6.0956520e+02   2.0208752e+00
   6.0968960e+02   2.0171261e+00
   6.0981390e+02   2.0133513e+00
   6.0993820e+02   2.0095482e+00
   6.1006260e+02   2.0057142e+00
   6.1018690e+02   2.0018559e+00
   6.1031120e+02   1.9979708e+00
   6.1043550e+02   1.9940594e+00
   6.1055990e+02   1.9901192e+00
   6.1068420e+02   1.9861571e+00
   6.1080850e+02   1.9821707e+00
   6.1093290e+02   1.9781572e+00
   6.1105720e+02   1.9741238e+00
   6.1118150e+02   1.9700678e+00
   6.1130590e+02   1.9659866e+00
   6.1143020e+02   1.9618874e+00
   6.1155450e+02   1.9577673e+00
   6.1167890e+02   1.9536238e+00
   6.1180320e+02   1.9494639e+00
   6.1192750e+02   1.9452851e+00
   6.1205190e+02   1.9410847e+00
   6.1217620e+02   1.9368699e+00
   6.1230050e+02   1.9326382e+00
   6.1242490e+02   1.9283869e+00
   6.1254920e+02   1.9241236e+00
   6.1267350e+02   1.9198454e+00
   6.1279790e+02   1.9155498e+00
   6.1292220e+02   1.9112442e+00
   6.1304650e+02   1.9069258e+00
   6.1317080e+02   1.9025951e+00
   6.1329520e+02   1.8982490e+00
   6.1341950e+02   1.8938951e+00
   6.1354380e+02   1.8895303e+00
   6.1366820e+02   1.8851513e+00
   6.1379250e+02   1.8807658e+00
   6.1391680e+02   1.8763706e+00
   6.1404120e+02   1.8719626e+00
   6.1416550e+02   1.8675493e+00
   6.1428980e+02   1.8631276e+00
   6.1441410e+02   1.8586980e+00
   6.1453850e+02   1.8542572e+00
   6.1466280e+02   1.8498128e+00
   6.1478710e+02   1.8453615e+00
   6.1491140e+02   1.8409037e+00
   6.1503580e+02   1.8364361e+00
   6.1516010e+02   1.8319659e+00
   6.1528440e+02   1.8274900e+00
   6.1540880e+02   1.8230046e+00
   6.1553310e+02   1.8185172e+00
   6.1565740e+02   1.8140241e+00
   6.1578170e+02   1.8095252e+00
   6.1590610e+02   1.8050167e+00
   6.1603040e+02   1.8005058e+00
   6.1615470e+02   1.7959886e+00
   6.1627910e+02   1.7914613e+00
   6.1640340e+02   1.7869309e+00
   6.1652770e+02   1.7823937e+00
   6.1665210e+02   1.7778457e+00
   6.1677640e+02   1.7732942e+00
   6.1690070e+02   1.7687354e+00
   6.1702500e+02   1.7641690e+00
   6.1714940e+02   1.7595914e+00
   6.1727370e+02   1.7550096e+00
   6.1739800e+02   1.7504200e+00
   6.1752240e+02   1.7458185e+00
   6.1764670e+02   1.7412125e+00
   6.1777100e+02   1.7365982e+00
   6.1789540e+02   1.7319715e+00
   6.1801970e+02   1.7273397e+00
   6.1814400e+02   1.7226989e+00
   6.1826840e+02   1.7180452e+00
   6.1839270e+02   1.7133857e+00
   6.1851700e+02   1.7087165e+00
   6.1864140e+02   1.7040335e+00
   6.1876570e+02   1.6993441e+00
   6.1889000e+02   1.6946442e+00
   6.1901440e+02   1.6899299e+00
   6.1913870e+02   1.6852086e+00
   6.1926300e+02   1.6804765e+00
   6.1938730e+02   1.6757335e+00
   6.1951170e+02   1.6709758e+00
   6.1963600e+02   1.6662110e+00
   6.1976030e+02   1.6614356e+00
   6.1988470e+02   1.6566456e+00
   6.2000900e+02   1.6518489e+00
   6.2013330e+02   1.6470418e+00
   6.2025760e+02   1.6422245e+00
   6.2038200e+02   1.6373931e+00
   6.2050630e+02   1.6325557e+00
   6.2063060e+02   1.6277085e+00
   6.2075500e+02   1.6228478e+00
   6.2087930e+02   1.6179816e+00
   6.2100360e+02   1.6131063e+00
   6.2112790e+02   1.6082221e+00
   6.2125230e+02   1.6033253e+00
   6.2137660e+02   1.5984242e+00
   6.2150090e+02   1.5935150e+00
   6.2162530e+02   1.5885943e+00
   6.2174960e+02   1.5836704e+00
   6.2187390e+02   1.5787398e+00
   6.2199820e+02   1.5738030e+00
   6.2212260e+02   1.5688566e+00
   6.2224690e+02   1.5639092e+00
   6.2237120e+02   1.5589574e+00
   6.2249560e+02   1.5539978e+00
   6.2261990e+02   1.5490392e+00
   6.2274420e+02   1.5440781e+00
   6.2286860e+02   1.5391114e+00
   6.2299290e+02   1.5341476e+00
   6.2311720e+02   1.5291835e+00
   6.2324160e+02   1.5242160e+00
   6.2336590e+02   1.5192538e+00
   6.2349020e+02   1.5142939e+00
   6.2361460e+02   1.5093331e+00
   6.2373890e+02   1.5043802e+00
   6.2386320e+02   1.4994323e+00
   6.2398750e+02   1.4944902e+00
   6.2411190e+02   1.4895508e+00
   6.2423620e+02   1.4846230e+00
   6.2436050e+02   1.4797038e+00
   6.2448490e+02   1.4747901e+00
   6.2460920e+02   1.4698906e+00
   6.2473350e+02   1.4650023e+00
   6.2485790e+02   1.4601222e+00
   6.2498220e+02   1.4552589e+00
   6.2510650e+02   1.4504095e+00
   6.2523090e+02   1.4455708e+00
   6.2535520e+02   1.4407514e+00
   6.2547950e+02   1.4359483e+00
   6.2560380e+02   1.4311624e+00
   6.2572820e+02   1.4263906e+00
   6.2585250e+02   1.4216416e+00
   6.2597680e+02   1.4169125e+00
   6.2610120e+02   1.4122004e+00
   6.2622550e+02   1.4075139e+00
   6.2634980e+02   1.4028502e+00
   6.2647410e+02   1.3982104e+00
   6.2659850e+02   1.3935917e+00
   6.2672280e+02   1.3890028e+00
   6.2684710e+02   1.3844410e+00
   6.2697150e+02   1.3799036e+00
   6.2709580e+02   1.3753990e+00
   6.2722010e+02   1.3709246e+00
   6.2734440e+02   1.3664814e+00
   6.2746880e+02   1.3620665e+00
   6.2759310e+02   1.3576879e+00
   6.2771740e+02   1.3533427e+00
   6.2784170e+02   1.3490315e+00
   6.2796610e+02   1.3447513e+00
   6.2809040e+02   1.3405095e+00
   6.2821470e+02   1.3363028e+00
   6.2833910e+02   1.3321283e+00
   6.2846340e+02   1.3279928e+00
   6.2858770e+02   1.3238929e+00
   6.2871210e+02   1.3198254e+00
   6.2883640e+02   1.3157966e+00
   6.2896070e+02   1.3118029e+00
   6.2908510e+02   1.3078410e+00
   6.2920940e+02   1.3039167e+00
   6.2933370e+02   1.3000263e+00
   6.2945810e+02   1.2961663e+00
   6.2958240e+02   1.2923422e+00
   6.2970670e+02   1.2885503e+00
   6.2983110e+02   1.2847870e+00
   6.2995540e+02   1.2810576e+00
   6.3007970e+02   1.2773583e+00
   6.3020410e+02   1.2736856e+00
   6.3032840e+02   1.2700448e+00
   6.3045270e+02   1.2664321e+00
   6.3057710e+02   1.2628440e+00
   6.3070140e+02   1.2592858e+00
   6.3082570e+02   1.2557539e+00
   6.3095000e+02   1.2522477e+00
   6.3107440e+02   1.2487637e+00
   6.3119870e+02   1.2453070e+00
   6.3132300e+02   1.2418740e+00
   6.3144740e+02   1.2384615e+00
   6.3157170e+02   1.2350743e+00
   6.3169600e+02   1.2317090e+00
   6.3182030e+02   1.2283652e+00
   6.3194470e+02   1.2250395e+00
   6.3206900e+02   1.2217368e+00
   6.3219330e+02   1.2184539e+00
   6.3231760e+02   1.2151902e+00
   6.3244200e+02   1.2119428e+00
   6.3256630e+02   1.2087162e+00
   6.3269060e+02   1.2055073e+00
   6.3281500e+02   1.2023132e+00
   6.3293930e+02   1.1991383e+00
   6.3306360e+02   1.1959796e+00
   6.3318790e+02   1.1928366e+00
   6.3331230e+02   1.1897062e+00
   6.3343660e+02   1.1865930e+00
   6.3356090e+02   1.1834939e+00
   6.3368530e+02   1.1804059e+00
   6.3380960e+02   1.1773336e+00
   6.3393390e+02   1.1742741e+00
   6.3405830e+02   1.1712246e+00
   6.3418260e+02   1.1681895e+00
   6.3430690e+02   1.1651660e+00
   6.3443130e+02   1.1621514e+00
   6.3455560e+02   1.1591501e+00
   6.3467990e+02   1.1561593e+00
   6.3480420e+02   1.1531787e+00
   6.3492860e+02   1.1502054e+00
   6.3505290e+02   1.1472438e+00
   6.3517720e+02   1.1442911e+00
   6.3530160e+02   1.1413445e+00
   6.3542590e+02   1.1384083e+00
   6.3555020e+02   1.1354796e+00
   6.3567460e+02   1.1325556e+00
   6.3579890e+02   1.1296404e+00
   6.3592320e+02   1.1267311e+00
   6.3604760e+02   1.1238250e+00
   6.3617190e+02   1.1209261e+00
   6.3629620e+02   1.1180316e+00
   6.3642060e+02   1.1151387e+00
   6.3654490e+02   1.1122515e+00
   6.3666920e+02   1.1093671e+00
   6.3679350e+02   1.1064850e+00
   6.3691790e+02   1.1036024e+00
   6.3704220e+02   1.1007233e+00
   6.3716650e+02   1.0978449e+00
   6.3729090e+02   1.0949643e+00
   6.3741520e+02   1.0920855e+00
   6.3753950e+02   1.0892056e+00
   6.3766380e+02   1.0863240e+00
   6.3778820e+02   1.0834377e+00
   6.3791250e+02   1.0805509e+00
   6.3803680e+02   1.0776605e+00
   6.3816110e+02   1.0747660e+00
   6.3828550e+02   1.0718644e+00
   6.3840980e+02   1.0689599e+00
   6.3853410e+02   1.0660496e+00
   6.3865850e+02   1.0631306e+00
   6.3878280e+02   1.0602071e+00
   6.3890710e+02   1.0572761e+00
   6.3903140e+02   1.0543372e+00
   6.3915580e+02   1.0513875e+00
   6.3928010e+02   1.0484313e+00
   6.3940440e+02   1.0454656e+00
   6.3952880e+02   1.0424876e+00
   6.3965310e+02   1.0395016e+00
   6.3977740e+02   1.0365048e+00
   6.3990180e+02   1.0334943e+00
   6.4002610e+02   1.0304746e+00
   6.4015040e+02   1.0274429e+00
   6.4027480e+02   1.0243964e+00
   6.4039910e+02   1.0213395e+00
   6.4052340e+02   1.0182697e+00
   6.4064780e+02   1.0151839e+00
   6.4077210e+02   1.0120869e+00
   6.4089640e+02   1.0089760e+00
   6.4102080e+02   1.0058483e+00
   6.4114510e+02   1.0027087e+00
   6.4126940e+02   9.9955451e-01
   6.4139380e+02   9.9638299e-01
   6.4151810e+02   9.9319913e-01
   6.4164240e+02   9.9000031e-01
   6.4176670e+02   9.8678648e-01
   6.4189110e+02   9.8355501e-01
   6.4201540e+02   9.8031113e-01
   6.4213970e+02   9.7705231e-01
   6.4226410e+02   9.7377602e-01
   6.4238840e+02   9.7048769e-01
   6.4251270e+02   9.6718487e-01
   6.4263700e+02   9.6386782e-01
   6.4276140e+02   9.6053411e-01
   6.4288570e+02   9.5718942e-01
   6.4301000e+02   9.5383143e-01
   6.4313440e+02   9.5045783e-01
   6.4325870e+02   9.4707448e-01
   6.4338300e+02   9.4367917e-01
   6.4350730e+02   9.4027244e-01
   6.4363170e+02   9.3685212e-01
   6.4375600e+02   9.3342433e-01
   6.4388030e+02   9.2998704e-01
   6.4400470e+02   9.2653818e-01
   6.4412900e+02   9.2308410e-01
   6.4425330e+02   9.1962284e-01
   6.4437760e+02   9.1615529e-01
   6.4450200e+02   9.1267955e-01
   6.4462630e+02   9.0920215e-01
   6.4475060e+02   9.0572129e-01
   6.4487500e+02   9.0223518e-01
   6.4499930e+02   8.9875046e-01
   6.4512360e+02   8.9526544e-01
   6.4524790e+02   8.9178124e-01
   6.4537230e+02   8.8829623e-01
   6.4549660e+02   8.8481722e-01
   6.4562090e+02   8.8134263e-01
   6.4574530e+02   8.7787091e-01
   6.4586960e+02   8.7440890e-01
   6.4599390e+02   8.7095507e-01
   6.4611830e+02   8.6750789e-01
   6.4624260e+02   8.6407415e-01
   6.4636690e+02   8.6065232e-01
   6.4649130e+02   8.5724087e-01
   6.4661560e+02   8.5384647e-01
   6.4673990e+02   8.5046753e-01
   6.4686430e+02   8.4710246e-01
   6.4698860e+02   8.4375772e-01
   6.4711290e+02   8.4043158e-01
   6.4723730e+02   8.3712229e-01
   6.4736160e+02   8.3383600e-01
   6.4748590e+02   8.3057076e-01
   6.4761030e+02   8.2732461e-01
   6.4773460e+02   8.2410329e-01
   6.4785890e+02   8.2090462e-01
   6.4798320e+02   8.1772891e-01
   6.4810760e+02   8.1457387e-01
   6.4823190e+02   8.1144467e-01
   6.4835620e+02   8.0833879e-01
   6.4848060e+02   8.0525368e-01
   6.4860490e+02   8.0219412e-01
   6.4872920e+02   7.9915737e-01
   6.4885350e+02   7.9614308e-01
   6.4897790e+02   7.9314843e-01
   6.4910220e+02   7.9017776e-01
   6.4922650e+02   7.8722812e-01
   6.4935090e+02   7.8429657e-01
   6.4947520e+02   7.8138722e-01
   6.4959950e+02   7.7849710e-01
   6.4972380e+02   7.7562561e-01
   6.4984820e+02   7.7276987e-01
   6.4997250e+02   7.6993387e-01
   6.5009680e+02   7.6711473e-01
   6.5022120e+02   7.6430964e-01
   6.5034550e+02   7.6152256e-01
   6.5046980e+02   7.5875070e-01
   6.5059410e+02   7.5599352e-01
   6.5071850e+02   7.5324833e-01
   6.5084280e+02   7.5051904e-01
   6.5096710e+02   7.4780298e-01
   6.5109150e+02   7.4509751e-01
   6.5121580e+02   7.4240654e-01
   6.5134010e+02   7.3972742e-01
   6.5146450e+02   7.3705755e-01
   6.5158880e+02   7.3440072e-01
   6.5171310e+02   7.3175429e-01
   6.5183750e+02   7.2911559e-01
   6.5196180e+02   7.2648831e-01
   6.5208610e+02   7.2386972e-01
   6.5221040e+02   7.2125920e-01
   6.5233480e+02   7.1865400e-01
   6.5245910e+02   7.1605764e-01
   6.5258340e+02   7.1346732e-01
   6.5270780e+02   7.1088028e-01
   6.5283210e+02   7.0829998e-01
   6.5295640e+02   7.0572369e-01
   6.5308080e+02   7.0314867e-01
   6.5320510e+02   7.0057847e-01
   6.5332940e+02   6.9801043e-01
   6.5345380e+02   6.9544198e-01
   6.5357810e+02   6.9287674e-01
   6.5370240e+02   6.9031220e-01
   6.5382680e+02   6.8774590e-01
   6.5395110e+02   6.8518159e-01
   6.5407540e+02   6.8261687e-01
   6.5419970e+02   6.8005142e-01
   6.5432410e+02   6.7748291e-01
   6.5444840e+02   6.7491519e-01
   6.5457270e+02   6.7234597e-01
   6.5469710e+02   6.6977295e-01
   6.5482140e+02   6.6720007e-01
   6.5494570e+02   6.6462507e-01
   6.5507000e+02   6.6204776e-01
   6.5519440e+02   6.5946587e-01
   6.5531870e+02   6.5688336e-01
   6.5544300e+02   6.5429794e-01
   6.5556740e+02   6.5170730e-01
   6.5569170e+02   6.4911541e-01
   6.5581600e+02   6.4652000e-01
   6.5594030e+02   6.4392096e-01
   6.5606470e+02   6.4131616e-01
   6.5618900e+02   6.3870984e-01
   6.5631330e+02   6.3610007e-01
   6.5643770e+02   6.3348500e-01
   6.5656200e+02   6.3086916e-01
   6.5668630e+02   6.2825079e-01
   6.5681060e+02   6.2563022e-01
   6.5693500e+02   6.2300564e-01
   6.5705930e+02   6.2038147e-01
   6.5718360e+02   6.1775574e-01
   6.5730800e+02   6.1512636e-01
   6.5743230e+02   6.1249751e-01
   6.5755660e+02   6.0986694e-01
   6.5768100e+02   6.0723233e-01
   6.5780530e+02   6.0459765e-01
   6.5792960e+02   6.0196048e-01
   6.5805400e+02   5.9931837e-01
   6.5817830e+02   5.9667519e-01
   6.5830260e+02   5.9402845e-01
   6.5842700e+02   5.9137563e-01
   6.5855130e+02   5.8872059e-01
   6.5867560e+02   5.8606081e-01
   6.5880000e+02   5.8339374e-01
   6.5892430e+02   5.8072329e-01
   6.5904860e+02   5.7804693e-01
   6.5917290e+02   5.7536430e-01
   6.5929730e+02   5.7267288e-01
   6.5942160e+02   5.6997667e-01
   6.5954590e+02   5.6727320e-01
   6.5967030e+02   5.6455997e-01
   6.5979460e+02   5.6184107e-01
   6.5991890e+02   5.5911405e-01
   6.6004330e+02   5.5637644e-01
   6.6016760e+02   5.5363236e-01
   6.6029190e+02   5.5087936e-01
   6.6041620e+02   5.4811718e-01
   6.6054060e+02   5.4534334e-01
   6.6066490e+02   5.4256205e-01
   6.6078920e+02   5.3977087e-01
   6.6091360e+02   5.3696733e-01
   6.6103790e+02   5.3415577e-01
   6.6116220e+02   5.3133376e-01
   6.6128650e+02   5.2850118e-01
   6.6141090e+02   5.2565561e-01
   6.6153520e+02   5.2280152e-01
   6.6165950e+02   5.1993655e-01
   6.6178380e+02   5.1706064e-01
   6.6190820e+02   5.1417141e-01
   6.6203250e+02   5.1127347e-01
   6.6215680e+02   5.0836449e-01
   6.6228120e+02   5.0544210e-01
   6.6240550e+02   5.0251100e-01
   6.6252980e+02   4.9956889e-01
   6.6265420e+02   4.9661339e-01
   6.6277850e+02   4.9364933e-01
   6.6290280e+02   4.9067441e-01
   6.6302710e+02   4.8768872e-01
   6.6315150e+02   4.8468996e-01
   6.6327580e+02   4.8168309e-01
   6.6340010e+02   4.7866587e-01
   6.6352450e+02   4.7563605e-01
   6.6364880e+02   4.7259870e-01
   6.6377310e+02   4.6955161e-01
   6.6389750e+02   4.6649256e-01
   6.6402180e+02   4.6342671e-01
   6.6414610e+02   4.6035185e-01
   6.6427050e+02   4.5726576e-01
   6.6439480e+02   4.5417363e-01
   6.6451910e+02   4.5107327e-01
   6.6464350e+02   4.4796242e-01
   6.6476780e+02   4.4484636e-01
   6.6489210e+02   4.4172287e-01
   6.6501650e+02   4.3858970e-01
   6.6514080e+02   4.3545218e-01
   6.6526510e+02   4.3230809e-01
   6.6538950e+02   4.2915519e-01
   6.6551380e+02   4.2599885e-01
   6.6563810e+02   4.2283684e-01
   6.6576240e+02   4.1966946e-01
   6.6588680e+02   4.1649444e-01
   6.6601110e+02   4.1331720e-01
   6.6613540e+02   4.1013551e-01
   6.6625970e+02   4.0694967e-01
   6.6638410e+02   4.0375744e-01
   6.6650840e+02   4.0056429e-01
   6.6663270e+02   3.9736798e-01
   6.6675700e+02   3.9416885e-01
   6.6688140e+02   3.9096466e-01
   6.6700570e+02   3.8776091e-01
   6.6713000e+02   3.8455535e-01
   6.6725440e+02   3.8134573e-01
   6.6737870e+02   3.7813754e-01
   6.6750300e+02   3.7492853e-01
   6.6762730e+02   3.7171901e-01
   6.6775170e+02   3.6850674e-01
   6.6787600e+02   3.6529721e-01
   6.6800030e+02   3.6208817e-01
   6.6812470e+02   3.5887740e-01
   6.6824900e+02   3.5567039e-01
   6.6837330e+02   3.5246490e-01
   6.6849770e+02   3.4925872e-01
   6.6862200e+02   3.4605733e-01
   6.6874630e+02   3.4285850e-01
   6.6887070e+02   3.3965999e-01
   6.6899500e+02   3.3646728e-01
   6.6911930e+02   3.3327811e-01
   6.6924370e+02   3.3009026e-01
   6.6936800e+02   3.2690917e-01
   6.6949230e+02   3.2373260e-01
   6.6961670e+02   3.2055834e-01
   6.6974100e+02   3.1739183e-01
   6.6986530e+02   3.1423083e-01
   6.6998960e+02   3.1107569e-01
   6.7011400e+02   3.0792423e-01
   6.7023830e+02   3.0478183e-01
   6.7036260e+02   3.0164631e-01
   6.7048700e+02   2.9851550e-01
   6.7061130e+02   2.9539475e-01
   6.7073560e+02   2.9228188e-01
   6.7086000e+02   2.8917474e-01
   6.7098430e+02   2.8607865e-01
   6.7110860e+02   2.8299143e-01
   6.7123290e+02   2.7991343e-01
   6.7135730e+02   2.7684250e-01
   6.7148160e+02   2.7378391e-01
   6.7160590e+02   2.7073551e-01
   6.7173030e+02   2.6769519e-01
   6.7185460e+02   2.6466815e-01
   6.7197890e+02   2.6165228e-01
   6.7210320e+02   2.5864790e-01
   6.7222760e+02   2.5565293e-01
   6.7235190e+02   2.5267251e-01
   6.7247620e+02   2.4970454e-01
   6.7260060e+02   2.4674697e-01
   6.7272490e+02   2.4380486e-01
   6.7284920e+02   2.4087612e-01
   6.7297350e+02   2.3796108e-01
   6.7309790e+02   2.3505771e-01
   6.7322220e+02   2.3217096e-01
   6.7334650e+02   2.2929880e-01
   6.7347090e+02   2.2643923e-01
   6.7359520e+02   2.2359712e-01
   6.7371950e+02   2.2077047e-01
   6.7384380e+02   2.1795954e-01
   6.7396820e+02   2.1516238e-01
   6.7409250e+02   2.1238376e-01
   6.7421680e+02   2.0962168e-01
   6.7434120e+02   2.0687424e-01
   6.7446550e+02   2.0414609e-01
   6.7458980e+02   2.0143529e-01
   6.7471420e+02   1.9873993e-01
   6.7483850e+02   1.9606461e-01
   6.7496280e+02   1.9340737e-01
   6.7508720e+02   1.9076636e-01
   6.7521150e+02   1.8814603e-01
   6.7533580e+02   1.8554449e-01
   6.7546020e+02   1.8295987e-01
   6.7558450e+02   1.8039655e-01
   6.7570880e+02   1.7785264e-01
   6.7583320e+02   1.7532631e-01
   6.7595750e+02   1.7282183e-01
   6.7608180e+02   1.7033733e-01
   6.7620620e+02   1.6787102e-01
   6.7633050e+02   1.6542702e-01
   6.7645480e+02   1.6300350e-01
   6.7657910e+02   1.6060059e-01
   6.7670350e+02   1.5821654e-01
   6.7682780e+02   1.5585532e-01
   6.7695210e+02   1.5351514e-01
   6.7707650e+02   1.5119426e-01
   6.7720080e+02   1.4889653e-01
   6.7732510e+02   1.4662020e-01
   6.7744940e+02   1.4436537e-01
   6.7757380e+02   1.4213035e-01
   6.7769810e+02   1.3991881e-01
   6.7782240e+02   1.3772903e-01
   6.7794680e+02   1.3555934e-01
   6.7807110e+02   1.3341329e-01
   6.7819540e+02   1.3128917e-01
   6.7831970e+02   1.2918701e-01
   6.7844410e+02   1.2710518e-01
   6.7856840e+02   1.2504702e-01
   6.7869270e+02   1.2301087e-01
   6.7881710e+02   1.2099513e-01
   6.7894140e+02   1.1900301e-01
   6.7906570e+02   1.1703289e-01
   6.7919000e+02   1.1508472e-01
   6.7931440e+02   1.1315695e-01
   6.7943870e+02   1.1125262e-01
   6.7956300e+02   1.0937013e-01
   6.7968740e+02   1.0750793e-01
   6.7981170e+02   1.0566896e-01
   6.7993600e+02   1.0385165e-01
   6.8006040e+02   1.0205447e-01
   6.8018470e+02   1.0028025e-01
   6.8030900e+02   9.8527427e-02
   6.8043330e+02   9.6795922e-02
   6.8055770e+02   9.5084267e-02
   6.8068200e+02   9.3395113e-02
   6.8080630e+02   9.1726979e-02
   6.8093070e+02   9.0078436e-02
   6.8105500e+02   8.8452027e-02
   6.8117930e+02   8.6846299e-02
   6.8130370e+02   8.5259867e-02
   6.8142800e+02   8.3695162e-02
   6.8155230e+02   8.2150777e-02
   6.8167670e+02   8.0625369e-02
   6.8180100e+02   7.9121262e-02
   6.8192530e+02   7.7637093e-02
   6.8204970e+02   7.6171553e-02
   6.8217400e+02   7.4726860e-02
   6.8229830e+02   7.3301687e-02
   6.8242270e+02   7.1894771e-02
   6.8254700e+02   7.0508230e-02
   6.8267130e+02   6.9140786e-02
   6.8279560e+02   6.7792294e-02
   6.8292000e+02   6.6461551e-02
   6.8304430e+02   6.5150553e-02
   6.8316860e+02   6.3858082e-02
   6.8329300e+02   6.2582980e-02
   6.8341730e+02   6.1327156e-02
   6.8354160e+02   6.0089442e-02
   6.8366590e+02   5.8869704e-02
   6.8379030e+02   5.7666853e-02
   6.8391460e+02   5.6482696e-02
   6.8403890e+02   5.5316134e-02
   6.8416330e+02   5.4166129e-02
   6.8428760e+02   5.3034414e-02
   6.8441190e+02   5.1919946e-02
   6.8453620e+02   5.0822621e-02
   6.8466060e+02   4.9741475e-02
   6.8478490e+02   4.8678145e-02
   6.8490920e+02   4.7631656e-02
   6.8503360e+02   4.6601091e-02
   6.8515790e+02   4.5588013e-02
   6.8528220e+02   4.4591497e-02
   6.8540650e+02   4.3611460e-02
   6.8553090e+02   4.2647051e-02
   6.8565520e+02   4.1699745e-02
   6.8577950e+02   4.0768688e-02
   6.8590390e+02   3.9853084e-02
   6.8602820e+02   3.8954343e-02
   6.8615250e+02   3.8071667e-02
   6.8627690e+02   3.7204308e-02
   6.8640120e+02   3.6353609e-02
   6.8652550e+02   3.5518816e-02
   6.8664990e+02   3.4699232e-02
   6.8677420e+02   3.3896135e-02
   6.8689850e+02   3.3108820e-02
   6.8702290e+02   3.2336630e-02
   6.8714720e+02   3.1580758e-02
   6.8727150e+02   3.0840524e-02
   6.8739580e+02   3.0115860e-02
   6.8752020e+02   2.9406125e-02
   6.8764450e+02   2.8712369e-02
   6.8776880e+02   2.8033908e-02
   6.8789320e+02   2.7370090e-02
   6.8801750e+02   2.6721842e-02
   6.8814180e+02   2.6088468e-02
   6.8826620e+02   2.5469310e-02
   6.8839050e+02   2.4865184e-02
   6.8851480e+02   2.4275401e-02
   6.8863920e+02   2.3699307e-02
   6.8876350e+02   2.3137625e-02
   6.8888780e+02   2.2589678e-02
   6.8901210e+02   2.2055254e-02
   6.8913650e+02   2.1533721e-02
   6.8926080e+02   2.1025693e-02
   6.8938510e+02   2.0530521e-02
   6.8950950e+02   2.0047590e-02
   6.8963380e+02   1.9577447e-02
   6.8975810e+02   1.9119468e-02
   6.8988240e+02   1.8673420e-02
   6.9000680e+02   1.8238725e-02
   6.9013110e+02   1.7815847e-02
   6.9025540e+02   1.7404198e-02
   6.9037970e+02   1.7003542e-02
   6.9050410e+02   1.6613329e-02
   6.9062840e+02   1.6233950e-02
   6.9075270e+02   1.5864847e-02
   6.9087710e+02   1.5505497e-02
   6.9100140e+02   1.5156241e-02
   6.9112570e+02   1.4816551e-02
   6.9125000e+02   1.4486195e-02
   6.9137440e+02   1.4164690e-02
   6.9149870e+02   1.3852326e-02
   6.9162300e+02   1.3548622e-02
   6.9174740e+02   1.3253128e-02
   6.9187170e+02   1.2966113e-02
   6.9199600e+02   1.2687130e-02
   6.9212040e+02   1.2415768e-02
   6.9224470e+02   1.2152265e-02
   6.9236900e+02   1.1896207e-02
   6.9249340e+02   1.1647206e-02
   6.9261770e+02   1.1405476e-02
   6.9274200e+02   1.1170627e-02
   6.9286640e+02   1.0942300e-02
   6.9299070e+02   1.0720684e-02
   6.9311500e+02   1.0505421e-02
   6.9323940e+02   1.0296178e-02
   6.9336370e+02   1.0093128e-02
   6.9348800e+02   9.8959454e-03
   6.9361240e+02   9.7043250e-03
   6.9373670e+02   9.5184246e-03
   6.9386100e+02   9.3379374e-03
   6.9398540e+02   9.1625747e-03
   6.9410970e+02   8.9924696e-03
   6.9423400e+02   8.8273310e-03
   6.9435830e+02   8.6670120e-03
   6.9448260e+02   8.5113690e-03
   6.9460700e+02   8.3601430e-03
   6.9473130e+02   8.2134422e-03
   6.9485570e+02   8.0708987e-03
   6.9498000e+02   7.9326125e-03
   6.9510430e+02   7.7983408e-03
   6.9522860e+02   7.6679593e-03
   6.9535290e+02   7.5413465e-03
   6.9547730e+02   7.4182856e-03
   6.9560160e+02   7.2988571e-03
   6.9572600e+02   7.1827545e-03
   6.9585030e+02   7.0700531e-03
   6.9597460e+02   6.9605512e-03
   6.9609890e+02   6.8541458e-03
   6.9622320e+02   6.7507380e-03
   6.9634760e+02   6.6501535e-03
   6.9647190e+02   6.5524626e-03
   6.9659620e+02   6.4574943e-03
   6.9672060e+02   6.3650874e-03
   6.9684490e+02   6.2753047e-03
   6.9696920e+02   6.1879868e-03
   6.9709360e+02   6.1029830e-03
   6.9721790e+02   6.0203487e-03
   6.9734220e+02   5.9399356e-03
   6.9746660e+02   5.8616055e-03
   6.9759090e+02   5.7854111e-03
   6.9771520e+02   5.7112183e-03
   6.9783960e+02   5.6389021e-03
   6.9796390e+02   5.5685145e-03
   6.9808820e+02   5.4999361e-03
   6.9821250e+02   5.4331093e-03
   6.9833690e+02   5.3679262e-03
   6.9846120e+02   5.3044356e-03
   6.9858550e+02   5.2425285e-03
   6.9870990e+02   5.1821018e-03
   6.9883420e+02   5.1231973e-03
   6.9895850e+02   5.0657105e-03
   6.9908290e+02   5.0095435e-03
   6.9920720e+02   4.9547354e-03
   6.9933150e+02   4.9011925e-03
   6.9945590e+02   4.8488267e-03
   6.9958020e+02   4.7976767e-03
   6.9970450e+02   4.7476548e-03
   6.9982880e+02   4.6987163e-03
   6.9995320e+02   4.6507802e-03
   7.0007750e+02   4.6038837e-03
   7.0020190e+02   4.5579141e-03
   7.0032620e+02   4.5129116e-03
   7.0045050e+02   4.4688067e-03
   7.0057480e+02   4.4255677e-03
   7.0069910e+02   4.3831629e-03
   7.0082350e+02   4.3415289e-03
   7.0094780e+02   4.3007057e-03
   7.0107210e+02   4.2606351e-03
   7.0119650e+02   4.2212635e-03
   7.0132080e+02   4.1826332e-03
   7.0144510e+02   4.1446910e-03
   7.0156940e+02   4.1074156e-03
   7.0169380e+02   4.0707573e-03
   7.0181810e+02   4.0347569e-03
   7.0194240e+02   3.9993687e-03
   7.0206680e+02   3.9645494e-03
   7.0219110e+02   3.9303393e-03
   7.0231540e+02   3.8966936e-03
   7.0243970e+02   3.8635955e-03
   7.0256410e+02   3.8310016e-03
   7.0268840e+02   3.7989456e-03
   7.0281270e+02   3.7673814e-03
   7.0293710e+02   3.7362645e-03
   7.0306140e+02   3.7056255e-03
   7.0318570e+02   3.6754220e-03
   7.0331010e+02   3.6456159e-03
   7.0343440e+02   3.6162431e-03
   7.0355870e+02   3.5872671e-03
   7.0368310e+02   3.5586510e-03
   7.0380740e+02   3.5304255e-03
   7.0393170e+02   3.5025524e-03
   7.0405610e+02   3.4749955e-03
   7.0418040e+02   3.4477866e-03
   7.0430470e+02   3.4208919e-03
   7.0442910e+02   3.3942791e-03
   7.0455340e+02   3.3679807e-03
   7.0467770e+02   3.3419655e-03
   7.0480210e+02   3.3162028e-03
   7.0492640e+02   3.2907234e-03
   7.0505070e+02   3.2654959e-03
   7.0517500e+02   3.2405102e-03
   7.0529940e+02   3.2157369e-03
   7.0542370e+02   3.1912069e-03
   7.0554800e+02   3.1668932e-03
   7.0567240e+02   3.1427715e-03
   7.0579670e+02   3.1188773e-03
   7.0592100e+02   3.0951885e-03
   7.0604530e+02   3.0717029e-03
   7.0616970e+02   3.0483995e-03
   7.0629400e+02   3.0253134e-03
   7.0641830e+02   3.0024240e-03
   7.0654270e+02   2.9797119e-03
   7.0666700e+02   2.9572141e-03
   7.0679130e+02   2.9349135e-03
   7.0691560e+02   2.9128118e-03
   7.0704000e+02   2.8908928e-03
   7.0716430e+02   2.8691917e-03
   7.0728860e+02   2.8476891e-03
   7.0741300e+02   2.8263666e-03
   7.0753730e+02   2.8052589e-03
   7.0766160e+02   2.7843506e-03
   7.0778590e+02   2.7636441e-03
   7.0791030e+02   2.7431252e-03
   7.0803460e+02   2.7228281e-03
   7.0815890e+02   2.7027354e-03
   7.0828330e+02   2.6828291e-03
   7.0840760e+02   2.6631397e-03
   7.0853190e+02   2.6436502e-03
   7.0865630e+02   2.6243435e-03
   7.0878060e+02   2.6052486e-03
   7.0890490e+02   2.5863480e-03
   7.0902920e+02   2.5676409e-03
   7.0915360e+02   2.5491121e-03
   7.0927790e+02   2.5307895e-03
   7.0940220e+02   2.5126543e-03
   7.0952660e+02   2.4946859e-03
   7.0965090e+02   2.4769066e-03
   7.0977520e+02   2.4592953e-03
   7.0989960e+02   2.4418332e-03
   7.1002390e+02   2.4245444e-03
   7.1014820e+02   2.4074115e-03
   7.1027260e+02   2.3904184e-03
   7.1039690e+02   2.3735905e-03
   7.1052120e+02   2.3569119e-03
   7.1064560e+02   2.3403663e-03
   7.1076990e+02   2.3239774e-03
   7.1089420e+02   2.3077304e-03
   7.1101860e+02   2.2916127e-03
   7.1114290e+02   2.2756502e-03
   7.1126720e+02   2.2598294e-03
   7.1139150e+02   2.2441496e-03
   7.1151590e+02   2.2285980e-03
   7.1164020e+02   2.2131991e-03
   7.1176450e+02   2.1979387e-03
   7.1188890e+02   2.1828018e-03
   7.1201320e+02   2.1678091e-03
   7.1213750e+02   2.1529443e-03
   7.1226180e+02   2.1382058e-03
   7.1238620e+02   2.1235831e-03
   7.1251050e+02   2.1091024e-03
   7.1263480e+02   2.0947537e-03
   7.1275920e+02   2.0805268e-03
   7.1288350e+02   2.0664461e-03
   7.1300780e+02   2.0525024e-03
   7.1313210e+02   2.0386978e-03
   7.1325650e+02   2.0250225e-03
   7.1338080e+02   2.0114988e-03
   7.1350510e+02   1.9981152e-03
   7.1362950e+02   1.9848588e-03
   7.1375380e+02   1.9717467e-03
   7.1387810e+02   1.9587634e-03
   7.1400240e+02   1.9459041e-03
   7.1412680e+02   1.9331538e-03
   7.1425110e+02   1.9205268e-03
   7.1437540e+02   1.9080059e-03
   7.1449980e+02   1.8955743e-03
   7.1462410e+02   1.8832458e-03
   7.1474840e+02   1.8710057e-03
   7.1487280e+02   1.8588415e-03
   7.1499710e+02   1.8467704e-03
   7.1512140e+02   1.8347781e-03
   7.1524580e+02   1.8228497e-03
   7.1537010e+02   1.8109998e-03
   7.1549440e+02   1.7992158e-03
   7.1561880e+02   1.7874845e-03
   7.1574310e+02   1.7758203e-03
   7.1586740e+02   1.7642084e-03
   7.1599170e+02   1.7526429e-03
   7.1611610e+02   1.7411084e-03
   7.1624040e+02   1.7296173e-03
   7.1636470e+02   1.7181550e-03
   7.1648910e+02   1.7067078e-03
   7.1661340e+02   1.6952890e-03
   7.1673770e+02   1.6838841e-03
   7.1686210e+02   1.6724787e-03
   7.1698640e+02   1.6610872e-03
   7.1711070e+02   1.6496976e-03
   7.1723510e+02   1.6382992e-03
   7.1735940e+02   1.6269093e-03
   7.1748370e+02   1.6155170e-03
   7.1760800e+02   1.6041206e-03
   7.1773240e+02   1.5927099e-03
   7.1785670e+02   1.5813031e-03
   7.1798100e+02   1.5698910e-03
   7.1810540e+02   1.5584628e-03
   7.1822970e+02   1.5470337e-03
   7.1835400e+02   1.5355897e-03
   7.1847830e+02   1.5241241e-03
   7.1860260e+02   1.5126298e-03
   7.1872700e+02   1.5010921e-03
   7.1885130e+02   1.4895257e-03
   7.1897570e+02   1.4779079e-03
   7.1910000e+02   1.4662503e-03
   7.1922430e+02   1.4545331e-03
   7.1934860e+02   1.4427455e-03
   7.1947290e+02   1.4308772e-03
   7.1959730e+02   1.4189091e-03
   7.1972160e+02   1.4068523e-03
   7.1984600e+02   1.3946801e-03
   7.1997030e+02   1.3824049e-03
   7.2009460e+02   1.3700100e-03
   7.2021890e+02   1.3574871e-03
   7.2034330e+02   1.3448167e-03
   7.2046760e+02   1.3320110e-03
   7.2059190e+02   1.3190541e-03
   7.2071630e+02   1.3059310e-03
   7.2084060e+02   1.2926586e-03
   7.2096490e+02   1.2792227e-03
   7.2108930e+02   1.2656101e-03
   7.2121360e+02   1.2518403e-03
   7.2133790e+02   1.2378988e-03
   7.2146230e+02   1.2237682e-03
   7.2158660e+02   1.2094637e-03
   7.2171090e+02   1.1949642e-03
   7.2183530e+02   1.1802473e-03
   7.2195960e+02   1.1653271e-03
   7.2208390e+02   1.1501844e-03
   7.2220830e+02   1.1348018e-03
   7.2233260e+02   1.1192003e-03
   7.2245690e+02   1.1033652e-03
   7.2258130e+02   1.0872838e-03
   7.2270560e+02   1.0709849e-03
   7.2282990e+02   1.0544603e-03
   7.2295420e+02   1.0377151e-03
   7.2307850e+02   1.0207553e-03
   7.2320290e+02   1.0035733e-03
   7.2332720e+02   9.8620372e-04
   7.2345160e+02   9.6862675e-04
   7.2357590e+02   9.5088044e-04
   7.2370020e+02   9.3296184e-04
   7.2382450e+02   9.1488317e-04
   7.2394880e+02   8.9665784e-04
   7.2407320e+02   8.7828528e-04
   7.2419750e+02   8.5980974e-04
   7.2432190e+02   8.4121659e-04
   7.2444620e+02   8.2255102e-04
   7.2457050e+02   8.0381346e-04
   7.2469480e+02   7.8501868e-04
   7.2481910e+02   7.6618095e-04
   7.2494350e+02   7.4729912e-04
   7.2506780e+02   7.2841674e-04
   7.2519210e+02   7.0952864e-04
