471
360	0.341649435079217
361	0.34157776946756
362	0.341501485701592
363	0.341434873533428
364	0.34135817714959
365	0.341278331768425
366	0.341187820611232
367	0.341088746637244
368	0.340983040290951
369	0.34085471448242
370	0.3407386686573
371	0.340616287603391
372	0.340447007145967
373	0.340295412830321
374	0.340134473884574
375	0.339957389233853
376	0.339773549648101
377	0.339587322694782
378	0.339370702665672
379	0.339149901965898
380	0.338908518839305
381	0.338658516715727
382	0.33841143404502
383	0.338146508077973
384	0.337873016311464
385	0.337588460320061
386	0.337258441911534
387	0.33693637435814
388	0.336574321783105
389	0.336174182177142
390	0.335753457227499
391	0.335283996192725
392	0.334787075103161
393	0.334270717571824
394	0.333722718755654
395	0.333158935244382
396	0.332568542582786
397	0.331919753680219
398	0.331250085637785
399	0.330532106141342
400	0.329788933955659
401	0.329032610972998
402	0.328233317526493
403	0.327431079210573
404	0.326596232179226
405	0.325734129837693
406	0.324821091400765
407	0.323795380158243
408	0.322740219227208
409	0.321584150846107
410	0.320333298816629
411	0.318980428202724
412	0.317549518956259
413	0.316044012118615
414	0.314464229563038
415	0.312813556871063
416	0.311095012144285
417	0.309322794179651
418	0.307479216302148
419	0.305584218186635
420	0.303634551265202
421	0.301606795087617
422	0.299553440405312
423	0.297413026846649
424	0.295203530355106
425	0.292950434125223
426	0.290623002085626
427	0.288263319749267
428	0.285842794320435
429	0.283363927279957
430	0.280856491463603
431	0.278329581103122
432	0.275805058228883
433	0.273279052824619
434	0.270700604057246
435	0.268034117591591
436	0.265310624503462
437	0.262444968476121
438	0.259436122462654
439	0.256257811790416
440	0.252877789648215
441	0.249395311462672
442	0.245879845036843
443	0.242290969962352
444	0.238576195566603
445	0.23469571411925
446	0.230598865119628
447	0.226245339041213
448	0.22158409141651
449	0.216578624516856
450	0.211155829712769
451	0.205589415497886
452	0.200059852556323
453	0.194430234737053
454	0.188552344796108
455	0.182293847006251
456	0.175505216790078
457	0.168054822690787
458	0.159794246868752
459	0.150590910231886
460	0.14030129981745
461	0.129530631891225
462	0.118839671796096
463	0.107829346627767
464	0.0961043079221975
465	0.0833155002737357
466	0.0691112120328538
467	0.0532612166394408
468	0.0355804356205991
469	0.0155999616660296
470	-0.00646286552737693
471	-0.0297335548219395
472	-0.0544219717746671
473	-0.0807447625047648
474	-0.108631486682514
475	-0.138047767107008
476	-0.168969620258916
477	-0.201375047032829
478	-0.235269131674363
479	-0.270596686819831
480	-0.307359644591813
481	-0.346655910939559
482	-0.389179890787177
483	-0.434159734378393
484	-0.480830720883877
485	-0.528502470298648
486	-0.576432018152958
487	-0.623845749765737
488	-0.670048179782583
489	-0.714266446764744
490	-0.755823255454806
491	-0.796382134869752
492	-0.837668585176564
493	-0.878963193404543
494	-0.919514952642123
495	-0.958603754764415
496	-0.995479588209921
497	-1.02941323220855
498	-1.05968167700368
499	-1.08549999970719
500	-1.10619024513428
501	-1.12198020957673
502	-1.13377229227043
503	-1.14180642062376
504	-1.14632466860611
505	-1.14757086309385
506	-1.14579700148035
507	-1.14121624642654
508	-1.13409900255908
509	-1.12466105899411
510	-1.11318887695868
511	-1.09862039890052
512	-1.08019125557225
513	-1.05844127727119
514	-1.03386779288809
515	-1.00704543041181
516	-0.978460680171556
517	-0.948649650009379
518	-0.918147193797347
519	-0.88748174626196
520	-0.857175104417607
521	-0.826300991521786
522	-0.793756465317851
523	-0.759995939137102
524	-0.725174640356773
525	-0.68972717743014
526	-0.65395362891468
527	-0.618180405649356
528	-0.582713422335918
529	-0.547986676701304
530	-0.514171959448515
531	-0.481181617616713
532	-0.448557116679221
533	-0.416228582389463
534	-0.384122631373498
535	-0.35224357231699
536	-0.320465298124938
537	-0.288741274573961
538	-0.25701946507844
539	-0.225238111196993
540	-0.193340836239201
541	-0.161368557983742
542	-0.129413752554177
543	-0.0974582264155772
544	-0.0655650053444262
545	-0.0336730123146115
546	-0.00179700027154326
547	0.0300470498138843
548	0.0618717976602252
549	0.0936736368458038
550	0.125444504989922
551	0.157254643841377
552	0.189130932772776
553	0.221038537845057
554	0.252939605472889
555	0.284787840339451
556	0.31654335526352
557	0.348163851231126
558	0.379621064994208
559	0.410859410777994
560	0.44184362996046
561	0.472826634005284
562	0.504028914628989
563	0.53536991875965
564	0.566763995964555
565	0.598124715968589
566	0.629370308525239
567	0.660419100165822
568	0.691191339250416
569	0.721596316353461
570	0.751552332043221
571	0.781191337192297
572	0.810674892808132
573	0.839957182286813
574	0.868995677936788
575	0.897761212739178
576	0.92620195627613
577	0.95428062119598
578	0.981957406628912
579	1.00917129160337
580	1.03592652761891
581	1.06230635958496
582	1.08836738407644
583	1.11409096835577
584	1.13940333396054
585	1.16436510148043
586	1.18884619035902
587	1.21283773203332
588	1.23630600910445
589	1.25921073960481
590	1.28149311523399
591	1.30324030757185
592	1.32442341437332
593	1.34508766950497
594	1.36522944317274
595	1.38486528407201
596	1.40400906386205
597	1.42266127104909
598	1.44083618213587
599	1.45854602800881
600	1.47579413919188
601	1.49255331308145
602	1.50880754678286
603	1.52455724931405
604	1.53982228282578
605	1.55461252387138
606	1.56895116564587
607	1.58284039312907
608	1.59629203942428
609	1.60933344679756
610	1.62196404533243
611	1.63416210446129
612	1.64592479824094
613	1.65720238561111
614	1.66806350003292
615	1.67848758974751
616	1.68848706680477
617	1.69809950942672
618	1.70725021383451
619	1.71601990150448
620	1.7243752671096
621	1.73224609735842
622	1.73946928638822
623	1.74616702988101
624	1.75241899956768
625	1.75829177183038
626	1.76395801097431
627	1.76941941066008
628	1.77479429878483
629	1.78016785701322
630	1.78564033170061
631	1.79112805383069
632	1.79650302949589
633	1.80176797619091
634	1.80691281903164
635	1.81194650468191
636	1.81685828437695
637	1.82164211880396
638	1.82630892353307
639	1.83085302856928
640	1.83527710350919
641	1.83961972678484
642	1.84390962874389
643	1.8481188571289
644	1.85222245605397
645	1.85618363446242
646	1.85996579872412
647	1.86355073306428
648	1.86689503119889
649	1.86995811076892
650	1.87273564934754
651	1.87514592941705
652	1.87721992583971
653	1.87898499638546
654	1.88050868442826
655	1.88184264887718
656	1.8830300768366
657	1.88414013401073
658	1.88520561231724
659	1.88628427769812
660	1.88743512490075
661	1.88860279537049
662	1.88973784988222
663	1.89074421154812
664	1.89174734319249
665	1.89267554284544
666	1.89359827827214
667	1.89442041309701
668	1.89522555361274
669	1.89598819588559
670	1.89671575043561
671	1.89739769396195
672	1.8980296526594
673	1.89860741842524
674	1.89914119608336
675	1.89963817887863
676	1.90009550260289
677	1.90052171204282
678	1.90091892491423
679	1.90128501205421
680	1.9016399738177
681	1.90195758144688
682	1.90223517357841
683	1.90246377110101
684	1.90267536013036
685	1.90284699307982
686	1.90300964977494
687	1.90315738212715
688	1.90328420712298
689	1.90343825226545
690	1.90353599914771
691	1.90370122414423
692	1.9038257722915
693	1.90395029188256
694	1.90408415937334
695	1.90418610456312
696	1.90427248335303
697	1.90435491373386
698	1.90441648679693
699	1.90446224063491
700	1.90448026991369
701	1.90448760859247
702	1.90446834174668
703	1.90443584593282
704	1.90438763198304
705	1.90432087906336
706	1.90424405504354
707	1.90415859081191
708	1.90406301433749
709	1.90395885757346
710	1.90385886602015
711	1.90374935586198
712	1.9036238986269
713	1.90348697618925
714	1.90334915086615
715	1.90320434912035
716	1.90304054014077
717	1.90287749433377
718	1.90271085266003
719	1.90252634388762
720	1.90234818893468
721	1.90215788328007
722	1.90195569827989
723	1.90173725325927
724	1.90152598878086
725	1.90130867245978
726	1.90104408196224
727	1.90085156934791
728	1.90060135908228
729	1.90036124931963
730	1.90013212571531
731	1.89988588841944
732	1.89964196329558
733	1.8993934029736
734	1.89914110873369
735	1.89888224798837
736	1.89862010305171
737	1.89835644920663
738	1.89808903070828
739	1.89781900121963
740	1.89754587913798
741	1.89726598497908
742	1.89698453919583
743	1.89670225397281
744	1.8964128781331
745	1.89612865727018
746	1.89583480687847
747	1.89551089963792
748	1.89523223961004
749	1.89492154883593
750	1.89461090307015
751	1.89430436157714
752	1.89398094461684
753	1.89369052535938
754	1.89335163918657
755	1.89302029133626
756	1.89268248382297
757	1.89236370375858
758	1.89201481000486
759	1.89167461179754
760	1.89134006881398
761	1.89100092896938
762	1.89064491984867
763	1.89030508397955
764	1.88996178967023
765	1.88958690882041
766	1.8891985022818
767	1.88886336233951
768	1.88850071575835
769	1.88813203710614
770	1.88776720718839
771	1.8873946712714
772	1.88702080189565
773	1.88664466055205
774	1.88626063741698
775	1.88587628537944
776	1.8854950299422
777	1.88510863991651
778	1.8847188934889
779	1.88432659859492
780	1.88393178734995
781	1.88353908399181
782	1.8831363132211
783	1.88274001747647
784	1.88233198134371
785	1.88192763933476
786	1.88152477511965
787	1.88110901215499
788	1.88069734371422
789	1.88028471977616
790	1.87987844811832
791	1.87945707723053
792	1.87904015948993
793	1.87863544864531
794	1.87821645860538
795	1.87778634847204
796	1.87737003953692
797	1.87693308096396
798	1.87650082047982
799	1.87610423358914
800	1.8756583923948
801	1.87525380150712
802	1.87479748451002
803	1.87436508495317
804	1.87393033634427
805	1.87349446643418
806	1.87305489841962
807	1.87261586690459
808	1.87217815982456
809	1.87173770273975
810	1.87129294526304
811	1.87085052690159
812	1.87040130395612
813	1.86995494649377
814	1.86951015885691
815	1.86905816816084
816	1.86860817787475
817	1.86817898723811
818	1.86770847451872
819	1.86725788543208
820	1.86680300657593
821	1.86635445597564
822	1.8659086762483
823	1.8654442843151
824	1.86500399202691
825	1.86454806303349
826	1.86408893207263
827	1.86364007564343
828	1.86317808340872
829	1.86273278175738
830	1.86227039086694
