372	0,000004	
90	0,000007	
95	0,003298	
909	0,001991	
918	0,001865	
618	0,001434	
104	0,002918	
104	0,002435	
211	0,001314	
107	0,001431	
108	0,001532	
110	0,001745	
110	0,001952	
111	0,002570	
112	0,003157	
113	0,006785	
114	0,025624	
115	0,018067	
117	0,004121	
116	0,010431	
472	0,001315	
119	0,002176	
480	0,001286	
848	0,000329	
732	0,000739	
738	0,000669	
867	0,000923	
875	0,000787	
1009	0,000162	
889	0,000592	
897	0,000504	
129	0,000307	
130	0,000253	
223	0,000082	
135	0,000003	
625	0,000001	
135	0,000035	
135	0,000301	
136	0,000131	
138	0,000685	
138	0,001139	
139	0,002069	
139	0,002729	
141	0,002831	
142	0,005483	
143	0,007320	
359	0,000105	
360	0,000099	
298	0,000205	
297	0,000250	
342	0,000345	
349	0,000197	
290	0,000265	
241	0,000348	
607	0,000492	
152	0,000978	
618	0,000658	
619	0,000965	
623	0,000608	
627	0,000255	
301	0,000410	
637	0,000126	
800	0,000186	
805	0,000241	
486	0,000732	
489	0,001389	
329	0,001712	
330	0,002714	
498	0,003095	
501	0,003705	
168	0,011668	
169	0,013543	
170	0,016196	
171	0,015496	
172	0,018893	
173	0,008350	
522	0,001886	
526	0,000668	
354	0,000014	
359	0,000024	
178	0,000318	
179	0,003183	
179	0,000178	
924	0,000009	
359	0,000020	
549	0,000009	
552	0,000098	
19	0,000070	
15	0,000022	
187	0,003022	
188	0,010469	
189	0,009936	
190	0,004487	
117	0,000203	
192	0,001149	
193	0,005089	
194	0,000797	
991	0,000001	
201	0,000067	
1100	0,000001	
196	0,000005	
3147	0,000001	
196	0,000769	
201	0,000318	
152	0,000031	
690	0,000001	
1573	0,000001	
298	0,000004	
117	0,000178	
59	0,000319	
60	0,000307	
59	0,000315	
117	0,000327	
61	0,000306	
60	0,000440	
213	0,000466	
59	0,000359	
118	0,000459	
59	0,000297	
224	0,000069	
218	0,000479	
219	0,000878	
220	0,001497	
221	0,002551	
222	0,001814	
223	0,000744	
223	0,000362	
227	0,000063	
226	0,000136	
228	0,000749	
228	0,002311	
229	0,003287	
230	0,002991	
231	0,000886	
232	0,002630	
233	0,004362	
234	0,006004	
235	0,004808	
708	0,000815	
711	0,000787	
714	0,000798	
718	0,000148	
117	0,000296	
121	0,000129	
461	0,000135	
729	0,000226	
732	0,000267	
736	0,000298	
492	0,000307	
493	0,000357	
496	0,000235	
497	0,000476	
500	0,001215	
251	0,001967	
252	0,011584	
253	0,006544	
254	0,002424	
255	0,001499	
255	0,003716	
257	0,008770	
258	0,002488	
776	0,000459	
780	0,000416	
262	0,001403	
262	0,001127	
789	0,000342	
792	0,000277	
795	0,000601	
798	0,000896	
801	0,001037	
804	0,001162	
807	0,001745	
810	0,001823	
813	0,001692	
816	0,001631	
819	0,001377	
822	0,001294	
825	0,001366	
552	0,000133	
277	0,001402	
278	0,001789	
278	0,000427	
280	0,000299	
280	0,001281	
282	0,001297	
283	0,001144	
284	0,003279	
285	0,001371	
285	0,000167	
861	0,000423	
865	0,000081	
867	0,000606	
290	0,005768	
290	0,005320	
876	0,000285	
879	0,000098	
589	0,000026	
297	0,003683	
888	0,000766	
891	0,001135	
298	0,002022	
299	0,001223	
601	0,000433	
602	0,000442	
604	0,000528	
909	0,000729	
303	0,001580	
306	0,003649	
307	0,002030	
307	0,001676	
307	0,001553	
310	0,002012	
310	0,002639	
311	0,003029	
312	0,004158	
312	0,008075	
314	0,005809	
315	0,006870	
316	0,008450	
316	0,002675	
319	0,000874	
957	0,000185	
60	0,000223	
641	0,000133	
1017	0,000015	
19	0,000174	
59	0,000201	
975	0,000166	
756	0,000009	
1149	0,000006	
690	0,000001	
987	0,000164	
990	0,000498	
993	0,000342	
996	0,000412	
999	0,000935	
1002	0,000984	
334	0,000721	
336	0,000744	
337	0,000776	
1014	0,001058	
1017	0,000749	
1020	0,000481	
1023	0,000375	
342	0,001034	
343	0,004712	
343	0,008222	
345	0,002391	
59	0,000009	
346	0,000011	
342	0,000241	
117	0,001574	
121	0,000418	
121	0,000423	
121	0,000586	
59	0,000474	
708	0,000430	
711	0,000495	
712	0,000661	
356	0,008017	
358	0,008507	
359	0,004524	
1080	0,001065	
722	0,000610	
724	0,000711	
726	0,000407	
1092	0,000689	
364	0,001061	
366	0,004294	
367	0,008448	
368	0,008756	
369	0,007658	
370	0,009142	
371	0,007520	
372	0,004330	
373	0,006232	
373	0,001237	
1125	0,000387	
1128	0,000593	
377	0,001321	
1133	0,000112	
121	0,000142	
760	0,000033	
761	0,000012	
687	0,000001	
1149	0,000036	
1152	0,000635	
1155	0,000458	
1159	0,000610	
1161	0,001072	
1164	0,001140	
1167	0,000542	
1170	0,000339	
391	0,004722	
392	0,003839	
1179	0,001049	
1182	0,000932	
394	0,001805	
395	0,007744	
397	0,015610	
398	0,021166	
399	0,017906	
400	0,006876	
401	0,008372	
402	0,007587	
401	0,003538	
403	0,001979	
404	0,002510	
1218	0,000914	
1221	0,000802	
1224	0,000598	
409	0,004568	
410	0,004327	
411	0,001318	
408	0,000340	
1239	0,000673	
1242	0,000686	
415	0,000875	
416	0,003103	
418	0,001621	
419	0,002221	
419	0,001709	
420	0,001460	
1263	0,000128	
1266	0,000346	
1269	0,000565	
425	0,000816	
425	0,002238	
1319	0,000023	
430	0,000329	
429	0,004535	
429	0,001504	
430	0,003929	
430	0,002993	
864	0,000387	
866	0,000475	
868	0,000206	
870	0,000212	
872	0,000157	
874	0,000209	
876	0,000052	
131	0,000001	
59	0,000326	
117	0,000058	
60	0,000297	
443	0,000439	
443	0,000717	
444	0,000726	
447	0,000548	
894	0,000522	
896	0,000319	
1347	0,001151	
451	0,011138	
451	0,024643	
452	0,010273	
453	0,006314	
454	0,005014	
455	0,004670	
456	0,006232	
462	0,007635	
465	0,007752	
460	0,029362	
459	0,052358	
461	0,022423	
117	0,000581	
1389	0,000685	
1392	0,000452	
1395	0,000604	
1398	0,000211	
197	0,000069	
222	0,000080	
121	0,000493	
940	0,000085	
942	0,000325	
944	0,000208	
1419	0,000258	
1422	0,000457	
60	0,000964	
952	0,000396	
954	0,000495	
956	0,000297	
117	0,000225	
1440	0,000557	
1443	0,000445	
117	0,001243	
1449	0,000387	
484	0,007287	
485	0,013168	
486	0,016690	
487	0,038623	
488	0,043534	
489	0,022405	
60	0,000138	
1511	0,000025	
1499	0,000009	
1348	0,000044	
986	0,000262	
990	0,000619	
993	0,000474	
117	0,000362	
996	0,000338	
998	0,000629	
117	0,001021	
1002	0,001076	
1004	0,000696	
1006	0,000619	
1512	0,000940	
505	0,000985	
506	0,005420	
507	0,002347	
508	0,001129	
509	0,000669	
1530	0,000586	
1533	0,000606	
513	0,000722	
1540	0,000394	
1542	0,000083	
179	0,000069	
157	0,000027	
170	0,000174	
518	0,002171	
519	0,018353	
520	0,030946	
521	0,014026	
1566	0,000470	
1569	0,000203	
1572	0,000145	
1575	0,000115	
1578	0,000428	
1581	0,000163	
342	0,000124	
529	0,000712	
530	0,003645	
531	0,000530	
532	0,000790	
532	0,001634	
1602	0,000640	
535	0,000595	
536	0,000938	
537	0,001921	
1076	0,000971	
1078	0,000428	
1080	0,000307	
1622	0,000890	
1626	0,000391	
1629	0,000426	
1633	0,000206	
545	0,011756	
546	0,020337	
547	0,013913	
549	0,013787	
549	0,004121	
1650	0,000475	
549	0,000793	
1657	0,000238	
1659	0,000494	
1108	0,000621	
1110	0,000816	
1112	0,001001	
1114	0,001027	
1116	0,001146	
1118	0,000980	
1120	0,000909	
1122	0,000744	
1686	0,000662	
1689	0,000804	
1128	0,000531	
1695	0,000702	
566	0,000732	
567	0,000357	
567	0,000196	
3182	0,000003	
570	0,000939	
571	0,019556	
572	0,032035	
573	0,040900	
574	0,023580	
575	0,008643	
1152	0,005771	
1154	0,005454	
1156	0,002361	
1158	0,000867	
1740	0,000503	
1743	0,000134	
293	0,000097	
1749	0,000158	
1752	0,000109	
1170	0,000129	
584	0,000342	
174	0,000239	
1764	0,000342	
1178	0,000480	
1180	0,000608	
592	0,001078	
592	0,001404	
593	0,001881	
594	0,001443	
595	0,001602	
596	0,003549	
597	0,003712	
598	0,002014	
597	0,005457	
599	0,001563	
603	0,004476	
602	0,021008	
603	0,018211	
603	0,001298	
606	0,002859	
606	0,004845	
607	0,004283	
1216	0,000536	
1218	0,000609	
1220	0,000624	
1222	0,000832	
1224	0,000877	
1226	0,000964	
59	0,001517	
615	0,010065	
616	0,017856	
618	0,003393	
619	0,000606	
619	0,000526	
19	0,000150	
244	0,000260	
621	0,001017	
623	0,003809	
624	0,002443	
625	0,002657	
626	0,011943	
627	0,018829	
628	0,009118	
629	0,003602	
629	0,000737	
632	0,001536	
633	0,001256	
636	0,000636	
638	0,000984	
637	0,007223	
117	0,000206	
121	0,000549	
59	0,000099	
60	0,000237	
1978	0,000036	
1282	0,000099	
642	0,000189	
1286	0,000381	
1288	0,000346	
1290	0,000213	
121	0,000233	
117	0,001503	
650	0,000536	
650	0,004615	
650	0,000900	
651	0,002740	
652	0,005383	
653	0,009754	
654	0,013520	
655	0,025733	
655	0,025414	
657	0,009439	
658	0,007092	
659	0,007149	
660	0,021942	
661	0,047693	
663	0,002894	
1326	0,000827	
1328	0,001109	
1330	0,001152	
1332	0,001404	
1334	0,000977	
1336	0,001054	
59	0,000519	
1340	0,000296	
672	0,000452	
2016	0,000241	
2019	0,000575	
2022	0,000409	
113	0,000826	
321	0,001179	
2031	0,000998	
2034	0,001127	
678	0,000830	
678	0,000575	
2043	0,000068	
2045	0,000161	
2049	0,000099	
176	0,000062	
685	0,000520	
686	0,002963	
687	0,003546	
688	0,008126	
689	0,006304	
690	0,002873	
690	0,012448	
694	0,000937	
2079	0,001133	
2082	0,001286	
695	0,009941	
696	0,001234	
2091	0,000249	
121	0,000347	
117	0,000413	
700	0,000060	
700	0,002249	
703	0,004437	
703	0,000853	
1408	0,000815	
1410	0,000988	
1412	0,000865	
2121	0,000730	
708	0,001002	
709	0,001810	
711	0,002747	
711	0,008823	
712	0,057842	
713	0,093698	
714	0,085880	
715	0,036866	
716	0,017913	
716	0,015089	
718	0,014032	
720	0,005095	
721	0,018652	
721	0,005707	
721	0,001629	
60	0,000961	
1448	0,000344	
59	0,000510	
1452	0,000362	
2181	0,000743	
2184	0,001108	
1458	0,000563	
730	0,000916	
731	0,011607	
732	0,027040	
733	0,014051	
2202	0,001142	
60	0,000270	
2208	0,000107	
737	0,002204	
738	0,018064	
739	0,016554	
740	0,011559	
741	0,006160	
742	0,003814	
2229	0,001120	
2232	0,001568	
745	0,014172	
746	0,009863	
747	0,004411	
748	0,008214	
749	0,008869	
2250	0,000817	
2253	0,001365	
2256	0,001681	
2259	0,001681	
121	0,001538	
117	0,000454	
756	0,018742	
756	0,008939	
2274	0,000484	
117	0,000204	
174	0,001089	
329	0,000549	
311	0,000780	
59	0,000860	
2292	0,000374	
2295	0,000709	
2299	0,000365	
767	0,000891	
768	0,003255	
769	0,002003	
770	0,002412	
770	0,004196	
771	0,002864	
772	0,002226	
774	0,002411	
775	0,025265	
776	0,036336	
777	0,020965	
778	0,022973	
779	0,036030	
780	0,040827	
781	0,013317	
783	0,001433	
1566	0,000586	
60	0,000311	
315	0,000254	
2358	0,000076	
117	0,000449	
59	0,000050	
2366	0,000143	
790	0,000419	
791	0,000135	
1585	0,000041	
324	0,000180	
121	0,000495	
2385	0,001476	
2388	0,001812	
797	0,001768	
798	0,001339	
798	0,002485	
800	0,057420	
801	0,084490	
802	0,103199	
803	0,106600	
804	0,108188	
805	0,088290	
806	0,075468	
807	0,035190	
808	0,013009	
809	0,006753	
1620	0,000611	
1622	0,000573	
1624	0,000186	
1626	0,000139	
1628	0,000130	
1630	0,000162	
2448	0,000230	
531	0,000059	
2454	0,000390	
2457	0,001197	
2460	0,000951	
2463	0,000759	
822	0,003609	
823	0,088369	
824	0,158435	
825	0,186326	
826	0,185880	
827	0,187756	
827	0,064570	
828	0,000658	
831	0,000791	
831	0,001420	
831	0,094278	
833	0,125392	
834	0,066013	
835	0,029394	
836	0,007597	
836	0,000734	
2514	0,000252	
1678	0,000466	
1680	0,000595	
2523	0,000080	
1684	0,000400	
1687	0,000419	
1688	0,000948	
1690	0,001070	
1692	0,001421	
1694	0,001260	
1696	0,001593	
1698	0,001169	
1700	0,000922	
1702	0,001283	
852	0,000954	
1706	0,001261	
1709	0,000506	
359	0,000041	
856	0,000702	
857	0,006378	
858	0,047826	
859	0,080284	
860	0,083191	
861	0,046581	
862	0,003594	
2589	0,000044	
121	0,000014	
2595	0,000169	
865	0,000361	
2601	0,000258	
867	0,000195	
871	0,000687	
2610	0,000057	
121	0,001063	
872	0,001122	
872	0,001102	
874	0,001081	
875	0,000849	
2628	0,000790	
878	0,000655	
878	0,006161	
879	0,032220	
880	0,083556	
881	0,073646	
882	0,035162	
883	0,014404	
883	0,007669	
884	0,000626	
2658	0,000347	
2661	0,000064	
888	0,035727	
888	0,013341	
890	0,070893	
892	0,054802	
117	0,000931	
1786	0,000762	
1788	0,000324	
360	0,001114	
2688	0,000586	
178	0,000612	
121	0,001347	
301	0,000611	
121	0,000220	
902	0,000936	
341	0,000220	
289	0,000031	
170	0,000085	
2715	0,000096	
906	0,000221	
907	0,000590	
907	0,000653	
909	0,001662	
910	0,004462	
911	0,002919	
912	0,001313	
1826	0,000871	
914	0,002073	
915	0,008324	
916	0,033072	
917	0,037799	
918	0,032550	
919	0,023352	
920	0,009557	
920	0,002687	
920	0,005311	
923	0,003385	
924	0,014386	
925	0,020592	
925	0,001009	
1854	0,000618	
1856	0,000536	
117	0,000321	
929	0,000159	
932	0,001508	
932	0,005001	
932	0,000772	
932	0,000074	
320	0,000006	
116	0,000003	
293	0,000054	
938	0,000697	
938	0,001646	
940	0,016875	
941	0,050935	
942	0,073941	
942	0,027780	
945	0,000563	
945	0,003047	
946	0,007858	
947	0,016864	
948	0,010914	
949	0,007519	
949	0,026199	
950	0,075497	
951	0,013008	
951	0,001373	
2862	0,000109	
2865	0,000091	
1912	0,000358	
1914	0,000390	
958	0,053829	
959	0,034069	
960	0,013922	
961	0,005570	
960	0,005288	
960	0,005070	
964	0,003463	
965	0,034116	
966	0,036512	
967	0,032236	
968	0,032678	
968	0,012491	
970	0,028643	
971	0,072819	
972	0,042115	
973	0,043293	
974	0,054994	
970	0,003039	
319	0,000830	
285	0,000508	
1021	0,000020	
302	0,000483	
2940	0,000188	
2943	0,000083	
2947	0,000099	
2949	0,000161	
2953	0,000077	
130	0,000002	
1972	0,000139	
1974	0,000188	
293	0,000164	
989	0,000879	
990	0,001571	
991	0,002946	
991	0,002356	
992	0,004132	
994	0,009739	
995	0,031159	
996	0,012577	
997	0,017206	
998	0,013467	
999	0,001729	
1000	0,000642	
1001	0,000676	
1002	0,000298	
1003	0,005773	
1004	0,013169	
1005	0,029369	
1007	0,059504	
1007	0,036840	
1008	0,036687	
1009	0,009033	
536	0,000258	
2022	0,000286	
59	0,000690	
2026	0,000457	
315	0,000323	
2030	0,000183	
2032	0,000384	
2034	0,000390	
315	0,000326	
2038	0,000187	
121	0,000170	
1021	0,000256	
1021	0,016393	
1023	0,001945	
1024	0,000508	
1025	0,000517	
1025	0,000442	
