0.033333	0.275104
0.066667	0.29182
0.1	0.269598
0.133333	0.269999
0.166667	0.269254
0.2	0.278531
0.233333	0.278622
0.266667	0.267538
0.3	0.280986
0.333333	0.288771
0.366667	0.286571
0.4	0.289165
0.433333	0.286794
0.466667	0.278786
0.5	0.275173
0.533333	0.282538
0.566667	0.286794
0.6	0.284539
0.633333	0.278634
0.666667	0.294756
0.7	0.283909
0.733333	0.27168
0.766667	0.277346
0.8	0.265046
0.833333	0.298845
0.866667	0.284439
0.9	0.275818
0.933333	0.282189
0.966667	0.269845
1	0.287495
1.033333	0.289062
1.066667	0.283424
1.1	0.282113
1.133333	0.278435
1.166667	0.28675
1.2	0.281808
1.233333	0.277565
1.266667	0.288711
1.3	0.283899
1.333333	0.285398
1.366667	0.276289
1.4	0.276774
1.433333	0.284758
1.466667	0.278457
1.5	0.285079
1.533333	0.268911
1.566667	0.286969
1.6	0.277833
1.633333	0.283593
1.666667	0.286166
1.7	0.27545
1.733333	0.285591
1.766667	0.27273
1.8	0.277885
1.833333	0.288396
1.866667	0.273258
1.9	0.276484
1.933333	0.287143
1.966667	0.265476
2	0.284141
2.033333	0.294107
2.066667	0.285781
2.1	0.288239
2.133333	0.273847
2.166667	0.272727
2.2	0.279832
2.233333	0.28796
2.266667	0.271262
2.3	0.280421
2.333333	0.273207
2.366667	0.281388
2.4	0.275586
2.433333	0.281346
2.466667	0.270155
2.5	0.292845
2.533333	0.276385
2.566667	0.270825
2.6	0.284089
2.633333	0.275577
2.666667	0.279147
2.7	0.282154
2.733333	0.279118
2.766667	0.278592
2.8	0.288481
2.833333	0.277455
2.866667	0.289072
2.9	0.286678
2.933333	0.278785
2.966667	0.273702
3	0.293811
3.033333	0.2744
3.066667	0.286991
3.1	0.288747
3.133333	0.284857
3.166667	0.279246
3.2	0.270558
3.233334	0.283847
3.266667	0.283419
3.3	0.266025
3.333334	0.278328
3.366667	0.270016
3.4	0.2786
3.433334	0.273106
3.466667	0.284752
3.5	0.277225
3.533334	0.287998
3.566667	0.278754
3.6	0.282746
3.633334	0.27675
3.666667	0.288817
3.7	0.269938
3.733334	0.290115
3.766667	0.277251
3.8	0.277639
3.833334	0.28652
3.866667	0.276567
3.9	0.275934
3.933334	0.269537
3.966667	0.282016
4	0.279912
4.033334	0.264858
4.066667	0.275043
4.1	0.286399
4.133334	0.282073
4.166667	0.285784
4.2	0.281117
4.233334	0.291966
4.266667	0.286747
4.3	0.286512
4.333334	0.293202
4.366667	0.283444
4.4	0.276916
4.433334	0.280498
4.466667	0.273603
4.5	0.283737
4.533334	0.291354
4.566667	0.266796
4.6	0.278862
4.633334	0.276222
4.666667	0.285664
4.7	0.278402
4.733334	0.290257
4.766667	0.271391
4.8	0.287237
4.833334	0.288672
4.866667	0.276412
4.9	0.289588
4.933334	0.282114
4.966667	0.268775
5	0.289615
5.033334	0.290436
5.066667	0.28223
5.1	0.287091
5.133334	0.283668
5.166667	0.271088
5.2	0.2809
5.233334	0.288045
5.266667	0.273585
5.3	0.280955
5.333334	0.275916
5.366667	0.287055
5.4	0.280079
5.433334	0.285533
5.466667	0.288817
5.5	0.278863
5.533334	0.28162
5.566667	0.285713
5.6	0.28687
5.633334	0.287168
5.666667	0.285767
5.7	0.265116
5.733334	0.267012
5.766667	0.295075
5.8	0.260176
5.833334	0.280385
5.866667	0.268892
5.9	0.281166
5.933334	0.274132
5.966667	0.292024
6	0.277913
6.033334	0.277577
6.066667	0.27059
6.1	0.282678
6.133334	0.273182
6.166667	0.28758
6.2	0.285755
6.233334	0.283183
6.266667	0.291583
6.3	0.264289
6.333334	0.2705
6.366667	0.286213
6.4	0.277215
6.433334	0.280637
6.466667	0.277264
6.5	0.279476
6.533334	0.273908
6.566667	0.274997
6.6	0.268668
6.633334	0.274944
6.666667	0.280336
6.7	0.282849
6.733334	0.274662
6.766667	0.26588
6.8	0.256328
6.833334	0.272163
6.866667	0.278147
6.9	0.286718
6.933334	0.276039
6.966667	0.280315
7	0.281426
7.033334	0.293077
7.066667	0.280499
7.1	0.285768
7.133334	0.282933
7.166667	0.278283
7.2	0.2829
7.233334	0.269461
7.266667	0.283557
7.3	0.301978
7.333334	0.264141
7.366667	0.274074
7.4	0.27838
7.433334	0.277346
7.466667	0.270592
7.5	0.287179
7.533334	0.284618
7.566667	0.282512
7.6	0.267763
7.633334	0.276921
7.666667	0.28446
7.7	0.295757
7.733334	0.274409
7.766667	0.286816
7.8	0.294165
7.833334	0.290205
7.866667	0.287563
7.9	0.274957
7.933334	0.282989
7.966667	0.263371
8	0.277292
8.033334	0.281143
8.066667	0.281823
8.1	0.293795
8.133334	0.283429
8.166667	0.265033
8.2	0.273036
8.233334	0.273813
8.266667	0.284979
8.3	0.278174
8.333334	0.296144
8.366667	0.283747
8.4	0.279678
8.433334	0.268344
8.466667	0.27153
8.5	0.286361
8.533334	0.268392
8.566667	0.281888
8.6	0.279361
8.633334	0.27613
8.666667	0.301805
8.7	0.280377
8.733334	0.283065
8.766667	0.281439
8.8	0.273034
8.833334	0.275106
8.866667	0.281676
8.9	0.273486
8.933334	0.264324
8.966667	0.274704
9	0.293251
9.033334	0.287383
9.066667	0.278764
9.1	0.2665
9.133334	0.280882
9.166667	0.279003
9.2	0.28042
9.233334	0.273961
9.266667	0.302244
9.3	0.274347
9.333334	0.274356
9.366667	0.275703
9.4	0.269355
9.433334	0.285084
9.466667	0.278195
9.5	0.277913
9.533334	0.278845
9.566667	0.275393
9.600001	0.285565
9.633334	0.27859
9.666667	0.272738
9.700001	0.29063
9.733334	0.279353
9.766667	0.288151
9.800001	0.277532
9.833334	0.278299
9.866667	0.287499
9.900001	0.280902
9.933334	0.297629
9.966667	0.293822
10.000001	0.278599
10.033334	0.274775
10.066667	0.233736
10.100001	0.232607
10.133334	0.244191
10.166667	0.229966
10.200001	0.216569
10.233334	0.213462
10.266667	0.219637
10.300001	0.229438
10.333334	0.223856
10.366667	0.217706
10.400001	0.218604
10.433334	0.227688
10.466667	0.234329
10.500001	0.221775
10.533334	0.234597
10.566667	0.246984
10.600001	0.236026
10.633334	0.246788
10.666667	0.255651
10.700001	0.266845
10.733334	0.269795
10.766667	0.262699
10.800001	0.257586
10.833334	0.286099
10.866667	0.284632
10.900001	0.285054
10.933334	0.299097
10.966667	0.296286
11.000001	0.300678
11.033334	0.29325
11.066667	0.306839
11.100001	0.315916
11.133334	0.321939
11.166667	0.319623
11.200001	0.305185
11.233334	0.325573
11.266667	0.307725
11.300001	0.317093
11.333334	0.325839
11.366667	0.320373
11.400001	0.321912
11.433334	0.330592
11.466667	0.330291
11.500001	0.333328
11.533334	0.322124
11.566667	0.331376
11.600001	0.328891
11.633334	0.323084
11.666667	0.321708
11.700001	0.315112
11.733334	0.316082
11.766667	0.31809
11.800001	0.316085
11.833334	0.310629
11.866667	0.301547
11.900001	0.3037
11.933334	0.291822
11.966667	0.267905
12.000001	0.26794
12.033334	0.248725
12.066667	0.22957
12.100001	0.250921
12.133334	0.216399
12.166667	0.234913
12.200001	0.225918
12.233334	0.244393
12.266667	0.211383
12.300001	0.228579
12.333334	0.223158
12.366667	0.224988
12.400001	0.222273
12.433334	0.224915
12.466667	0.217074
12.500001	0.231677
12.533334	0.234799
12.566667	0.239894
12.600001	0.243418
12.633334	0.279413
12.666667	0.29042
12.700001	0.277079
12.733334	0.282053
12.766667	0.291313
12.800001	0.278207
12.833334	0.2915
12.866667	0.302103
12.900001	0.308367
12.933334	0.312348
12.966667	0.302957
13.000001	0.307353
13.033334	0.307862
13.066667	0.307106
13.100001	0.306473
13.133334	0.317489
13.166667	0.30596
13.200001	0.313658
13.233334	0.316958
13.266667	0.323977
13.300001	0.311547
13.333334	0.321698
13.366667	0.309235
13.400001	0.326332
13.433334	0.313798
13.466667	0.31575
13.500001	0.31752
13.533334	0.308235
13.566667	0.314961
13.600001	0.317838
13.633334	0.324595
13.666667	0.319687
13.700001	0.317769
13.733334	0.312853
13.766667	0.315164
13.800001	0.312716
13.833334	0.31425
13.866667	0.331486
13.900001	0.31851
13.933334	0.321319
13.966667	0.318573
14.000001	0.326607
14.033334	0.322444
14.066667	0.315412
14.100001	0.321352
14.133334	0.326954
14.166667	0.319607
14.200001	0.323799
14.233334	0.334749
14.266667	0.337514
14.300001	0.334382
14.333334	0.318698
14.366667	0.323358
14.400001	0.314882
14.433334	0.334966
14.466667	0.329995
14.500001	0.327448
14.533334	0.325371
14.566667	0.339909
14.600001	0.322526
14.633334	0.33374
14.666667	0.341894
14.700001	0.320842
14.733334	0.333934
14.766667	0.329459
14.800001	0.327653
14.833334	0.331933
14.866667	0.319418
14.900001	0.324789
14.933334	0.323505
14.966667	0.323376
15.000001	0.340019
15.033334	0.327941
15.066667	0.332911
15.100001	0.331457
15.133334	0.318424
15.166667	0.328959
15.200001	0.327925
15.233334	0.33412
15.266667	0.333799
15.300001	0.334775
15.333334	0.337112
15.366667	0.329334
15.400001	0.333059
15.433334	0.335081
15.466667	0.330624
15.500001	0.33065
15.533334	0.343087
15.566667	0.333104
15.600001	0.328427
15.633334	0.334903
15.666667	0.329318
15.700001	0.328065
15.733334	0.33999
15.766667	0.322218
15.800001	0.328705
15.833334	0.338212
15.866667	0.337817
15.900001	0.312685
15.933334	0.326672
15.966667	0.330012
16.000001	0.335946
16.033334	0.345712
16.066668	0.334035
16.100001	0.325376
16.133334	0.330555
16.166668	0.324494
16.200001	0.338833
16.233334	0.320027
16.266668	0.32771
16.300001	0.327547
16.333334	0.325557
16.366668	0.32722
16.400001	0.335389
16.433334	0.325401
16.466668	0.321563
16.500001	0.3134
16.533334	0.327334
16.566668	0.325837
16.600001	0.317893
16.633334	0.325506
16.666668	0.326251
16.700001	0.323944
16.733334	0.324885
16.766668	0.336351
16.800001	0.329825
16.833334	0.317518
16.866668	0.33252
16.900001	0.323734
16.933334	0.312316
16.966668	0.30122
17.000001	0.288995
17.033334	0.334559
17.066668	0.340626
17.100001	0.317507
17.133334	0.330158
17.166668	0.344151
17.200001	0.327865
17.233334	0.33304
17.266668	0.337205
17.300001	0.318944
17.333334	0.332953
17.366668	0.32209
17.400001	0.319786
17.433334	0.331982
17.466668	0.331227
17.500001	0.328194
17.533334	0.332413
17.566668	0.334058
17.600001	0.329014
17.633334	0.325649
17.666668	0.317829
17.700001	0.324872
17.733334	0.31875
17.766668	0.334099
17.800001	0.327749
17.833334	0.329537
17.866668	0.32658
17.900001	0.334668
17.933334	0.325447
17.966668	0.33048
18.000001	0.310634
18.033334	0.330039
18.066668	0.323355
18.100001	0.331693
18.133334	0.335755
18.166668	0.320614
18.200001	0.328076
18.233334	0.320064
18.266668	0.335273
18.300001	0.332813
18.333334	0.340326
18.366668	0.318377
18.400001	0.336131
18.433334	0.321114
18.466668	0.322192
18.500001	0.334921
18.533334	0.322068
18.566668	0.327804
18.600001	0.318717
18.633334	0.319038
18.666668	0.317158
18.700001	0.325145
18.733334	0.336302
18.766668	0.315422
18.800001	0.320215
18.833334	0.317911
18.866668	0.331447
18.900001	0.327309
18.933334	0.317234
18.966668	0.318727
19.000001	0.331397
19.033334	0.326281
19.066668	0.325522
19.100001	0.312718
19.133334	0.322691
19.166668	0.320563
19.200001	0.328388
19.233334	0.320254
19.266668	0.334077
19.300001	0.315391
19.333334	0.324863
19.366668	0.320043
19.400001	0.327769
19.433334	0.323182
19.466668	0.323673
19.500001	0.334533
19.533334	0.329144
19.566668	0.331599
19.600001	0.324853
19.633334	0.326943
19.666668	0.328995
19.700001	0.320066
19.733334	0.332647
19.766668	0.326005
19.800001	0.318955
19.833334	0.318047
19.866668	0.327756
19.900001	0.33152
19.933334	0.320659
19.966668	0.320889
20.000001	0.329356
20.033334	0.315038
20.066668	0.338753
20.100001	0.342611
20.133334	0.330229
20.166668	0.324185
20.200001	0.328721
20.233334	0.321289
20.266668	0.30898
20.300001	0.314789
20.333334	0.31166
20.366668	0.317499
20.400001	0.31595
20.433334	0.308692
20.466668	0.324667
20.500001	0.320307
20.533334	0.316523
20.566668	0.312707
20.600001	0.302155
20.633334	0.312196
20.666668	0.31718
20.700001	0.312557
20.733334	0.30877
20.766668	0.31742
20.800001	0.324827
20.833334	0.306727
20.866668	0.318063
20.900001	0.316021
20.933334	0.320705
20.966668	0.303773
21.000001	0.319308
21.033334	0.289705
21.066668	0.310479
21.100001	0.305116
21.133334	0.291962
21.166668	0.290548
21.200001	0.301335
21.233334	0.290334
21.266668	0.31313
21.300001	0.296948
21.333334	0.298509
21.366668	0.298842
21.400001	0.293616
21.433334	0.300132
21.466668	0.320126
21.500001	0.315911
21.533334	0.3118
21.566668	0.311638
21.600001	0.314181
21.633334	0.312233
21.666668	0.317678
21.700001	0.30172
21.733334	0.309076
21.766668	0.313542
21.800001	0.303663
21.833334	0.298309
21.866668	0.288963
21.900001	0.284008
21.933334	0.300217
21.966668	0.28486
22.000001	0.280826
22.033334	0.296594
22.066668	0.298218
22.100001	0.314768
22.133334	0.309898
22.166668	0.326431
22.200001	0.326638
22.233334	0.322402
22.266668	0.316253
22.300001	0.321415
22.333334	0.323209
22.366668	0.311109
22.400001	0.320244
22.433335	0.319852
22.466668	0.322359
22.500001	0.32646
22.533335	0.309091
22.566668	0.319118
22.600001	0.319837
22.633335	0.306526
22.666668	0.311816
22.700001	0.314624
22.733335	0.300042
22.766668	0.299957
22.800001	0.294067
22.833335	0.303313
22.866668	0.297475
22.900001	0.304143
22.933335	0.310874
22.966668	0.300445
23.000001	0.300638
23.033335	0.297245
23.066668	0.179635
23.100001	0.174493
23.133335	0.165224
23.166668	0.172322
23.200001	0.187636
23.233335	0.162775
23.266668	0.157392
23.300001	0.1442
23.333335	0.151732
23.366668	0.15876
23.400001	0.145174
23.433335	0.163748
23.466668	0.183272
23.500001	0.177386
23.533335	0.178663
23.566668	0.19143
23.600001	0.20069
23.633335	0.209587
23.666668	0.20947
23.700001	0.219118
23.733335	0.236666
23.766668	0.219888
23.800001	0.232453
23.833335	0.224857
23.866668	0.233168
23.900001	0.240331
23.933335	0.244971
23.966668	0.229126
24.000001	0.230093
24.033335	0.227925
24.066668	0.226196
24.100001	0.241209
24.133335	0.216195
24.166668	0.211146
24.200001	0.215085
24.233335	0.204085
24.266668	0.20299
24.300001	0.189222
24.333335	0.173417
24.366668	0.149964
24.400001	0.19234
24.433335	0.153234
24.466668	0.145531
24.500001	0.144275
24.533335	0.163675
24.566668	0.169609
24.600001	0.146543
24.633335	0.157684
24.666668	0.141078
24.700001	0.166484
24.733335	0.162454
24.766668	0.165844
24.800001	0.170325
24.833335	0.261034
24.866668	0.235539
24.900001	0.2393
24.933335	0.237111
24.966668	0.224531
25.000001	0.197874
25.033335	0.202977
25.066668	0.201307
25.100001	0.211478
25.133335	0.179475
25.166668	0.203715
25.200001	0.193317
25.233335	0.162743
25.266668	0.195508
25.300001	0.190116
25.333335	0.213784
25.366668	0.22011
25.400001	0.227479
25.433335	0.226924
25.466668	0.232834
25.500001	0.244429
25.533335	0.243278
25.566668	0.247908
25.600001	0.242669
25.633335	0.239663
25.666668	0.237003
25.700001	0.234629
25.733335	0.234332
25.766668	0.245242
25.800001	0.245735
25.833335	0.248965
25.866668	0.242028
25.900001	0.247363
25.933335	0.227139
25.966668	0.22367
26.000001	0.19517
26.033335	0.206441
26.066668	0.188365
26.100001	0.169624
26.133335	0.177929
26.166668	0.18913
26.200001	0.176571
26.233335	0.19737
26.266668	0.190859
26.300001	0.194862
26.333335	0.204875
26.366668	0.219161
26.400001	0.209633
26.433335	0.210061
26.466668	0.210674
26.500001	0.24011
26.533335	0.243484
26.566668	0.261532
26.600001	0.260518
26.633335	0.26455
26.666668	0.256351
26.700001	0.268832
26.733335	0.258745
26.766668	0.265839
26.800001	0.256286
26.833335	0.270356
26.866668	0.246116
26.900001	0.282441
26.933335	0.263724
26.966668	0.262072
27.000001	0.275746
27.033335	0.276345
27.066668	0.270911
27.100001	0.297447
27.133335	0.297835
27.166668	0.287961
27.200001	0.292914
27.233335	0.277695
27.266668	0.297164
27.300001	0.31181
27.333335	0.304581
27.366668	0.302091
27.400001	0.316768
27.433335	0.302687
27.466668	0.316604
27.500001	0.329874
27.533335	0.309875
27.566668	0.30526
27.600001	0.300306
27.633335	0.313149
27.666668	0.306121
27.700001	0.306064
27.733335	0.312258
27.766668	0.306093
27.800001	0.29786
27.833335	0.2968
27.866668	0.292435
27.900001	0.283983
27.933335	0.276287
27.966668	0.254618
28.000001	0.2726
28.033335	0.28165
28.066668	0.278546
28.100001	0.265345
28.133335	0.26691
28.166668	0.287238
28.200001	0.268593
28.233335	0.257044
28.266668	0.272493
28.300001	0.28876
28.333335	0.261628
28.366668	0.265233
28.400001	0.270152
28.433335	0.27859
28.466668	0.264093
28.500001	0.269241
28.533335	0.267915
28.566668	0.271756
28.600001	0.278926
28.633335	0.265386
28.666668	0.274507
28.700001	0.275733
28.733335	0.295632
28.766668	0.26212
28.800002	0.285721
28.833335	0.279969
28.866668	0.284135
28.900002	0.287448
28.933335	0.305675
28.966668	0.288657
29.000002	0.289154
29.033335	0.301775
29.066668	0.289889
29.100002	0.296397
29.133335	0.296679
29.166668	0.287079
29.200002	0.301961
29.233335	0.300059
29.266668	0.279759
29.300002	0.29315
29.333335	0.29582
29.366668	0.288425
29.400002	0.313948
29.433335	0.292762
29.466668	0.30839
29.500002	0.298507
29.533335	0.288295
29.566668	0.285741
29.600002	0.287832
29.633335	0.274912
29.666668	0.27077
29.700002	0.263635
29.733335	0.267231
29.766668	0.25083
29.800002	0.259649
29.833335	0.274222
29.866668	0.2622
29.900002	0.259065
29.933335	0.269207
29.966668	0.261432
30.000002	0.253684
30.033335	0.261511
30.066668	0.251158
30.100002	0.251054
30.133335	0.247153
30.166668	0.288039
30.200002	0.264504
30.233335	0.26562
30.266668	0.254716
30.300002	0.260728
30.333335	0.2635
30.366668	0.280901
30.400002	0.273662
30.433335	0.258594
30.466668	0.253003
30.500002	0.257528
30.533335	0.249224
30.566668	0.265902
30.600002	0.260216
30.633335	0.279895
30.666668	0.269479
30.700002	0.263281
30.733335	0.278009
30.766668	0.267796
30.800002	0.278723
30.833335	0.284023
30.866668	0.280775
30.900002	0.291059
30.933335	0.272605
30.966668	0.28079
31.000002	0.280692
31.033335	0.283569
31.066668	0.278259
31.100002	0.277956
31.133335	0.287572
31.166668	0.277665
31.200002	0.285487
31.233335	0.261384
31.266668	0.264292
31.300002	0.257016
31.333335	0.263815
31.366668	0.269998
31.400002	0.268362
31.433335	0.25686
31.466668	0.244593
31.500002	0.252133
31.533335	0.261401
31.566668	0.269462
31.600002	0.262423
31.633335	0.26467
31.666668	0.249977
31.700002	0.257267
31.733335	0.263343
31.766668	0.252491
31.800002	0.249413
31.833335	0.253678
31.866668	0.279704
31.900002	0.246947
31.933335	0.231552
31.966668	0.224072
32.000002	0.206478
32.033335	0.203415
32.066668	0.188162
32.100002	0.200792
32.133335	0.192594
32.166668	0.180714
32.200002	0.175507
32.233335	0.167832
32.266668	0.143031
32.300002	0.141154
32.333335	0.146836
32.366668	0.155683
32.400002	0.156481
32.433335	0.184859
32.466668	0.203555
32.500002	0.228268
32.533335	0.243787
32.566668	0.239391
32.600002	0.251312
32.633335	0.248474
32.666668	0.23885
32.700002	0.207916
32.733335	0.208673
32.766668	0.204177
32.800002	0.210967
32.833335	0.206591
32.866668	0.225871
32.900002	0.219643
32.933335	0.246548
32.966668	0.243496
33.000002	0.260186
33.033335	0.243995
33.066668	0.235339
33.100002	0.212326
33.133335	0.191697
33.166668	0.176771
33.200002	0.164502
33.233335	0.150472
33.266668	0.133781
33.300002	0.143316
33.333335	0.159538
33.366668	0.164596
33.400002	0.172246
33.433335	0.181386
33.466668	0.182986
33.500002	0.187292
33.533335	0.210613
33.566668	0.201661
33.600002	0.224206
33.633335	0.23173
33.666668	0.258421
33.700002	0.261545
33.733335	0.244337
33.766668	0.220645
33.800002	0.204176
33.833335	0.196081
33.866668	0.17322
33.900002	0.177899
33.933335	0.170241
33.966668	0.18679
34.000002	0.206091
34.033335	0.205463
34.066668	0.205462
34.100002	0.222959
34.133335	0.237174
34.166668	0.240073
34.200002	0.22515
34.233335	0.233458
34.266668	0.23103
34.300002	0.22816
34.333335	0.224252
34.366668	0.230853
34.400002	0.231937
34.433335	0.22471
34.466668	0.241948
34.500002	0.26644
34.533335	0.278886
34.566668	0.254821
34.600002	0.241755
34.633335	0.268126
34.666668	0.239835
34.700002	0.223048
34.733335	0.212481
34.766668	0.219313
34.800002	0.240093
34.833335	0.23467
34.866668	0.250008
34.900002	0.230539
34.933335	0.22245
34.966668	0.236518
35.000002	0.23176
35.033335	0.229479
35.066668	0.21459
35.100002	0.214532
35.133335	0.182673
35.166669	0.177053
35.200002	0.188705
35.233335	0.1867
35.266669	0.190828
35.300002	0.201824
35.333335	0.235891
35.366669	0.240332
35.400002	0.258601
35.433335	0.261683
35.466669	0.286907
35.500002	0.267318
35.533335	0.256808
35.566669	0.241298
35.600002	0.266124
35.633335	0.244571
35.666669	0.244032
35.700002	0.25763
35.733335	0.255974
35.766669	0.2501
35.800002	0.240594
35.833335	0.257279
35.866669	0.250037
35.900002	0.253061
35.933335	0.257122
35.966669	0.280866
36.000002	0.292742
36.033335	0.301228
36.066669	0.318528
36.100002	0.306811
36.133335	0.290223
36.166669	0.263244
36.200002	0.265309
36.233335	0.256189
36.266669	0.254467
36.300002	0.273221
36.333335	0.255527
36.366669	0.264265
36.400002	0.259806
36.433335	0.272836
36.466669	0.283872
36.500002	0.294474
36.533335	0.308055
36.566669	0.312897
36.600002	0.320328
36.633335	0.310699
36.666669	0.28737
36.700002	0.280559
36.733335	0.258633
36.766669	0.259058
36.800002	0.253771
36.833335	0.261591
36.866669	0.248763
36.900002	0.272744
36.933335	0.251091
36.966669	0.250369
37.000002	0.25217
37.033335	0.249254
37.066669	0.260389
37.100002	0.258077
37.133335	0.262542
37.166669	0.283801
37.200002	0.276854
37.233335	0.262939
37.266669	0.267555
37.300002	0.280913
37.333335	0.282621
37.366669	0.264799
37.400002	0.281102
37.433335	0.268139
37.466669	0.273598
37.500002	0.275431
37.533335	0.282088
37.566669	0.266519
37.600002	0.283527
37.633335	0.276382
37.666669	0.282507
37.700002	0.278604
37.733335	0.282272
37.766669	0.281799
37.800002	0.30208
37.833335	0.300181
37.866669	0.295692
37.900002	0.2957
37.933335	0.2898
37.966669	0.2976
38.000002	0.301664
38.033335	0.292593
38.066669	0.289756
38.100002	0.290585
38.133335	0.292242
38.166669	0.285637
38.200002	0.293982
38.233335	0.286162
38.266669	0.290461
38.300002	0.286206
38.333335	0.28258
38.366669	0.28552
38.400002	0.279399
38.433335	0.274408
38.466669	0.280493
38.500002	0.278652
38.533335	0.274198
38.566669	0.263591
38.600002	0.256151
38.633335	0.256051
38.666669	0.272773
38.700002	0.267521
38.733335	0.255574
38.766669	0.273538
38.800002	0.265395
38.833335	0.260396
38.866669	0.26487
38.900002	0.276498
38.933335	0.254617
38.966669	0.250601
39.000002	0.137812
39.033335	0.124351
39.066669	0.154422
39.100002	0.122076
39.133335	0.106576
39.166669	0.105642
39.200002	0.133881
39.233335	0.095008
39.266669	0.128003
39.300002	0.081592
39.333335	0.138894
39.366669	0.120091
39.400002	0.12459
39.433335	0.168458
39.466669	0.162674
39.500002	0.161854
39.533335	0.183224
39.566669	0.194328
39.600002	0.20687
39.633335	0.225858
39.666669	0.238415
39.700002	0.223324
39.733335	0.243751
39.766669	0.25251
39.800002	0.254819
39.833335	0.25739
39.866669	0.265547
39.900002	0.260528
39.933335	0.258908
39.966669	0.251235
40.000002	0.246643
40.033335	0.215312
40.066669	0.229832
40.100002	0.211937
40.133335	0.206614
40.166669	0.20415
40.200002	0.171599
40.233335	0.156214
40.266669	0.151472
40.300002	0.154264
40.333335	0.146141
40.366669	0.136402
40.400002	0.11074
40.433335	0.127701
40.466669	0.140815
40.500002	0.117047
40.533335	0.097816
40.566669	0.119757
40.600002	0.123119
40.633335	0.128284
40.666669	0.141841
40.700002	0.1427
40.733335	0.151291
40.766669	0.283961
40.800002	0.283953
40.833335	0.283311
40.866669	0.280743
40.900002	0.285283
40.933335	0.286827
40.966669	0.295589
41.000002	0.291524
41.033335	0.289675
41.066669	0.284571
41.100002	0.286841
41.133335	0.277185
41.166669	0.296479
41.200002	0.284609
41.233335	0.30726
41.266669	0.309036
41.300002	0.308857
41.333335	0.305022
41.366669	0.31165
41.400002	0.311098
41.433335	0.316986
41.466669	0.322647
41.500002	0.314456
41.533335	0.313706
41.566669	0.309747
41.600002	0.322176
41.633336	0.306494
41.666669	0.302119
41.700002	0.31526
41.733336	0.323099
41.766669	0.312309
41.800002	0.315754
41.833336	0.328691
41.866669	0.312395
41.900002	0.305547
41.933336	0.324904
41.966669	0.320839
42.000002	0.313859
42.033336	0.29606
42.066669	0.302044
42.100002	0.302014
42.133336	0.291348
42.166669	0.299896
42.200002	0.293132
42.233336	0.293389
42.266669	0.317415
42.300002	0.303777
42.333336	0.281411
42.366669	0.304677
42.400002	0.306638
42.433336	0.312165
42.466669	0.292364
42.500002	0.292559
42.533336	0.265954
42.566669	0.286522
42.600002	0.292693
42.633336	0.279982
42.666669	0.277159
42.700002	0.292134
42.733336	0.309961
42.766669	0.29815
42.800002	0.292356
42.833336	0.304483
42.866669	0.305995
42.900002	0.305765
42.933336	0.303027
42.966669	0.308526
43.000002	0.297152
43.033336	0.305367
43.066669	0.309989
43.100002	0.298816
43.133336	0.302023
43.166669	0.292865
43.200002	0.293819
43.233336	0.30847
43.266669	0.31227
43.300002	0.335471
43.333336	0.323219
43.366669	0.331375
43.400002	0.32194
43.433336	0.324288
43.466669	0.310476
43.500002	0.316182
43.533336	0.304649
43.566669	0.29295
43.600002	0.296892
43.633336	0.285643
43.666669	0.304515
43.700002	0.305492
43.733336	0.30953
43.766669	0.301576
43.800002	0.295211
43.833336	0.293686
43.866669	0.309516
43.900002	0.315434
43.933336	0.320756
43.966669	0.341074
44.000002	0.31678
44.033336	0.333846
44.066669	0.337208
44.100002	0.317465
44.133336	0.334554
44.166669	0.330612
44.200002	0.318809
44.233336	0.32498
44.266669	0.321112
44.300002	0.306989
44.333336	0.307811
44.366669	0.300246
44.400002	0.299157
44.433336	0.298969
44.466669	0.295192
44.500002	0.29623
44.533336	0.292111
44.566669	0.288338
44.600002	0.30863
44.633336	0.289647
44.666669	0.302986
44.700002	0.306368
44.733336	0.309056
44.766669	0.297491
44.800002	0.296023
44.833336	0.302823
44.866669	0.329954
44.900002	0.303383
44.933336	0.29675
44.966669	0.300364
45.000002	0.287224
45.033336	0.284352
45.066669	0.305624
45.100002	0.303948
45.133336	0.305579
45.166669	0.296259
45.200002	0.311978
45.233336	0.290136
45.266669	0.312932
45.300002	0.313461
45.333336	0.294429
45.366669	0.313119
45.400002	0.306274
45.433336	0.302114
45.466669	0.31554
45.500002	0.31057
45.533336	0.32558
45.566669	0.312029
45.600002	0.312846
45.633336	0.322496
45.666669	0.318699
45.700002	0.321754
45.733336	0.318223
45.766669	0.322191
45.800002	0.314431
45.833336	0.307403
45.866669	0.324893
45.900002	0.321232
45.933336	0.330928
45.966669	0.331291
46.000002	0.315688
46.033336	0.325483
46.066669	0.326755
46.100002	0.302993
46.133336	0.308325
46.166669	0.308232
46.200002	0.311291
46.233336	0.305403
46.266669	0.315588
46.300002	0.312121
46.333336	0.304079
46.366669	0.320082
46.400002	0.318575
46.433336	0.315563
46.466669	0.309132
46.500002	0.29514
46.533336	0.300589
46.566669	0.298485
46.600002	0.305008
46.633336	0.30206
46.666669	0.302175
46.700002	0.294836
46.733336	0.300079
46.766669	0.304352
46.800002	0.295293
46.833336	0.301246
46.866669	0.282559
46.900002	0.297211
46.933336	0.299015
46.966669	0.051821
47.000002	0.043989
47.033336	0.047836
47.066669	0.075896
47.100002	0.065209
47.133336	0.049312
47.166669	0.08523
47.200002	0.073488
47.233336	0.076739
47.266669	0.075095
47.300002	0.112111
47.333336	0.101883
47.366669	0.133914
47.400002	0.140182
47.433336	0.159551
47.466669	0.144171
47.500002	0.164573
47.533336	0.174791
47.566669	0.197016
47.600002	0.19667
47.633336	0.202672
47.666669	0.205849
47.700002	0.219293
47.733336	0.238114
47.766669	0.220624
47.800002	0.230495
47.833336	0.225802
47.866669	0.242349
47.900002	0.222671
47.933336	0.227848
47.966669	0.223886
48.000003	0.209875
48.033336	0.197931
48.066669	0.201478
48.100003	0.175837
48.133336	0.174092
48.166669	0.145126
48.200003	0.170255
48.233336	0.132178
48.266669	0.124823
48.300003	0.115493
48.333336	0.098077
48.366669	0.081422
48.400003	0.064565
48.433336	0.066959
48.466669	0.07027
48.500003	0.020804
48.533336	0.030076
48.566669	0.037479
48.600003	0.045834
48.633336	0.018601
48.666669	0.039796
48.700003	0.032982
48.733336	0.112604
48.766669	0.088212
48.800003	0.121032
48.833336	0.119743
48.866669	0.103504
48.900003	0.110653
48.933336	0.144554
48.966669	0.131895
49.000003	0.16507
49.033336	0.156338
49.066669	0.163509
49.100003	0.170217
49.133336	0.170773
49.166669	0.182675
49.200003	0.173092
49.233336	0.216615
49.266669	0.206974
49.300003	0.220294
49.333336	0.239345
49.366669	0.233543
49.400003	0.241133
49.433336	0.235563
49.466669	0.229216
49.500003	0.260919
49.533336	0.252469
49.566669	0.259114
49.600003	0.247662
49.633336	0.241682
49.666669	0.259162
49.700003	0.270012
49.733336	0.249351
49.766669	0.238341
49.800003	0.233097
49.833336	0.225592
49.866669	0.201211
49.900003	0.211872
49.933336	0.193257
49.966669	0.180778
50.000003	0.167452
50.033336	0.187601
50.066669	0.168515
50.100003	0.152669
50.133336	0.122442
50.166669	0.144
50.200003	0.107298
50.233336	0.119428
50.266669	0.118045
50.300003	0.100936
50.333336	0.120543
50.366669	0.082006
50.400003	0.121891
50.433336	0.100407
50.466669	0.093601
50.500003	0.026991
50.533336	0.009118
50.566669	0.020268
50.600003	0.011898
50.633336	0.021654
50.666669	0.019929
50.700003	0.039878
50.733336	0.041497
50.766669	0.042447
50.800003	0.049728
50.833336	0.077334
50.866669	0.077945
50.900003	0.077898
50.933336	0.097749
50.966669	0.129841
51.000003	0.129848
51.033336	0.15142
51.066669	0.160158
51.100003	0.19682
51.133336	0.210954
51.166669	0.203728
51.200003	0.211182
51.233336	0.22915
51.266669	0.249326
51.300003	0.252362
51.333336	0.248781
51.366669	0.242871
51.400003	0.242561
51.433336	0.22797
51.466669	0.22651
51.500003	0.228967
51.533336	0.213014
51.566669	0.210318
51.600003	0.185972
51.633336	0.194669
51.666669	0.137459
51.700003	0.148316
51.733336	0.111853
51.766669	0.109875
51.800003	0.094151
51.833336	0.099475
51.866669	0.091231
51.900003	0.065833
51.933336	0.036039
51.966669	0.045552
52.000003	0.047445
52.033336	0.019569
52.066669	0.027319
52.100003	0.01993
52.133336	0.00739
52.166669	0.02957
52.200003	0.022738
52.233336	0.035279
52.266669	0.0549
52.300003	0.03023
52.333336	0.022639
52.366669	0.013792
52.400003	0.018303
52.433336	0.023108
52.466669	0.009873
52.500003	0.019867
52.533336	0.016563
52.566669	0.033735
52.600003	0.033868
52.633336	0.054852
52.666669	0.067501
52.700003	0.075565
52.733336	0.073707
52.766669	0.100001
52.800003	0.085271
52.833336	0.142339
52.866669	0.141071
52.900003	0.15875
52.933336	0.166517
52.966669	0.195661
53.000003	0.205673
53.033336	0.202829
53.066669	0.218585
53.100003	0.217216
53.133336	0.232093
53.166669	0.216726
53.200003	0.22594
53.233336	0.207679
53.266669	0.199977
53.300003	0.177878
53.333336	0.164496
53.366669	0.149113
53.400003	0.132864
53.433336	0.13448
53.466669	0.079018
53.500003	0.070277
53.533336	0.072136
53.566669	0.068655
53.600003	0.057145
53.633336	0.049365
53.666669	0.03707
53.700003	0.020345
53.733336	0.028834
53.766669	0.02005
53.800003	0.007453
53.833336	0.011158
53.866669	0.0338
53.900003	0.026666
53.933336	0.047829
53.966669	0.06111
54.000003	0.046557
54.033336	0.258122
54.066669	0.241472
54.100003	0.235672
54.133336	0.211323
54.166669	0.231122
54.200003	0.244742
54.233336	0.232434
54.266669	0.224451
54.300003	0.220405
54.333336	0.230679
54.36667	0.238104
54.400003	0.239271
54.433336	0.232094
54.46667	0.232179
54.500003	0.246837
54.533336	0.233236
54.56667	0.237883
54.600003	0.23403
54.633336	0.259256
54.66667	0.267751
54.700003	0.257007
54.733336	0.263526
54.76667	0.270254
54.800003	0.261353
54.833336	0.257172
54.86667	0.26494
54.900003	0.259081
54.933336	0.261284
54.96667	0.276568
55.000003	0.254533
55.033336	0.26729
55.06667	0.26463
55.100003	0.247509
55.133336	0.257532
55.16667	0.253555
55.200003	0.239451
55.233336	0.243238
55.26667	0.228902
55.300003	0.241029
55.333336	0.246101
55.36667	0.228156
55.400003	0.231256
55.433336	0.219917
55.46667	0.211445
55.500003	0.210011
55.533336	0.219669
55.56667	0.21906
55.600003	0.225174
55.633336	0.207811
55.66667	0.224036
55.700003	0.219745
55.733336	0.225685
55.76667	0.247927
55.800003	0.214262
55.833336	0.218968
55.86667	0.197369
55.900003	0.232025
55.933336	0.227622
55.96667	0.225068
56.000003	0.222357
56.033336	0.206408
56.06667	0.240394
56.100003	0.231008
56.133336	0.232359
56.16667	0.251289
56.200003	0.237043
56.233336	0.243094
56.26667	0.252805
56.300003	0.244661
56.333336	0.256976
56.36667	0.275244
56.400003	0.290718
56.433336	0.279232
56.46667	0.284394
56.500003	0.288403
56.533336	0.280197
56.56667	0.288164
56.600003	0.307154
56.633336	0.291171
56.66667	0.292594
56.700003	0.293689
56.733336	0.306115
56.76667	0.295805
56.800003	0.296343
56.833336	0.305055
56.86667	0.283608
56.900003	0.284805
56.933336	0.274625
56.96667	0.266758
57.000003	0.263136
57.033336	0.250359
57.06667	0.261399
57.100003	0.252948
57.133336	0.252641
57.16667	0.251384
57.200003	0.256326
57.233336	0.230347
57.26667	0.220763
57.300003	0.208446
57.333336	0.247819
57.36667	0.2297
57.400003	0.234592
57.433336	0.228892
57.46667	0.234996
57.500003	0.226909
57.533336	0.25
57.56667	0.130799
57.600003	0.09908
57.633336	0.100781
57.66667	0.085908
57.700003	0.069747
57.733336	0.060315
57.76667	0.054878
57.800003	0.050663
57.833336	0.037166
57.86667	0.044228
57.900003	0.058479
57.933336	0.064711
57.96667	0.074054
58.000003	0.091801
58.033336	0.068938
58.06667	0.084972
58.100003	0.09592
58.133336	0.10142
58.16667	0.107452
58.200003	0.126872
58.233336	0.133767
58.26667	0.133673
58.300003	0.132526
58.333336	0.117038
58.36667	0.123352
58.400003	0.108532
58.433336	0.133466
58.46667	0.10811
58.500003	0.130594
58.533336	0.122128
58.56667	0.133022
58.600003	0.128262
58.633336	0.113841
58.66667	0.113673
58.700003	0.107438
58.733336	0.103204
58.76667	0.106573
58.800003	0.098165
58.833336	0.064132
58.86667	0.067931
58.900003	0.039655
58.933336	0.049263
58.96667	0.043928
59.000003	0.030899
59.033336	0.043921
59.06667	0.048824
59.100003	0.057185
59.133336	0.075267
59.16667	0.075579
59.200003	0.090839
59.233336	0.097263
59.26667	0.118921
59.300003	0.14986
59.333336	0.293752
59.36667	0.302974
59.400003	0.307306
59.433336	0.309952
59.46667	0.288036
59.500003	0.304499
59.533336	0.309804
59.56667	0.298555
59.600003	0.310111
59.633336	0.298625
59.66667	0.307474
59.700003	0.308808
59.733336	0.29837
59.76667	0.305537
59.800003	0.311547
59.833336	0.314817
59.86667	0.31314
59.900003	0.309248
59.933336	0.307708
59.96667	0.312638
60.000003	0.313574
60.033336	0.304492
60.06667	0.303442
60.100003	0.300172
60.133336	0.30472
60.16667	0.315756
60.200003	0.311463
60.233336	0.314458
60.26667	0.304903
60.300003	0.300237
60.333336	0.297317
60.36667	0.3107
60.400003	0.302166
60.433336	0.30526
60.46667	0.29717
60.500003	0.299738
60.533336	0.305012
60.56667	0.30704
60.600003	0.297304
60.633336	0.307377
60.66667	0.310655
60.700003	0.305151
60.733337	0.297927
60.76667	0.29598
60.800003	0.292253
60.833337	0.30646
60.86667	0.313897
60.900003	0.301418
60.933337	0.302279
60.96667	0.305384
61.000003	0.302299
61.033337	0.295749
61.06667	0.301548
61.100003	0.316273
61.133337	0.315376
61.16667	0.328146
61.200003	0.310877
61.233337	0.309127
61.26667	0.294479
61.300003	0.305852
61.333337	0.320351
61.36667	0.306346
61.400003	0.307471
61.433337	0.301525
61.46667	0.307011
61.500003	0.307239
61.533337	0.320389
61.56667	0.309493
61.600003	0.297304
61.633337	0.29305
61.66667	0.309572
61.700003	0.293335
61.733337	0.303799
61.76667	0.287449
61.800003	0.300941
61.833337	0.302214
61.86667	0.284577
61.900003	0.297832
61.933337	0.316821
61.96667	0.320009
62.000003	0.324201
62.033337	0.318085
62.06667	0.342392
62.100003	0.338106
62.133337	0.358445
62.16667	0.334718
62.200003	0.337306
62.233337	0.34428
62.26667	0.374175
62.300003	0.342837
62.333337	0.336096
62.36667	0.337122
62.400003	0.344838
62.433337	0.332931
62.46667	0.338726
62.500003	0.321819
62.533337	0.310195
62.56667	0.289721
62.600003	0.288788
62.633337	0.271031
62.66667	0.290392
62.700003	0.280184
62.733337	0.281751
62.76667	0.293095
62.800003	0.308543
62.833337	0.320464
62.86667	0.301627
62.900003	0.313214
62.933337	0.311964
62.96667	0.293969
63.000003	0.302909
63.033337	0.292783
63.06667	0.290865
63.100003	0.304761
63.133337	0.305631
63.16667	0.314257
63.200003	0.317058
63.233337	0.320389
63.26667	0.328957
63.300003	0.325164
63.333337	0.339178
63.36667	0.314061
63.400003	0.329222
63.433337	0.321385
63.46667	0.326429
63.500003	0.338536
63.533337	0.331116
63.56667	0.334971
63.600003	0.325435
63.633337	0.327004
63.66667	0.335002
63.700003	0.334658
63.733337	0.325399
63.76667	0.320561
63.800003	0.325995
63.833337	0.321736
63.86667	0.339996
63.900003	0.326833
63.933337	0.337758
63.96667	0.329974
64.000003	0.338655
64.033337	0.33195
64.06667	0.338474
64.100003	0.329243
64.133337	0.335105
64.16667	0.351801
64.200003	0.337949
64.233337	0.325725
64.26667	0.341252
64.300003	0.330736
64.333337	0.339759
64.36667	0.340282
64.400003	0.34578
64.433337	0.340972
64.46667	0.33059
64.500003	0.35367
64.533337	0.334671
64.56667	0.354373
64.600003	0.330144
64.633337	0.352145
64.66667	0.343701
64.700003	0.341427
64.733337	0.361092
64.76667	0.344549
64.800003	0.34385
64.833337	0.352667
64.86667	0.348033
64.900003	0.342486
64.933337	0.320759
64.96667	0.350563
65.000003	0.349717
65.033337	0.335941
65.06667	0.339991
65.100003	0.345455
65.133337	0.353543
65.16667	0.333848
65.200003	0.34888
65.233337	0.354395
65.26667	0.328883
65.300003	0.351872
65.333337	0.355887
65.36667	0.344356
65.400003	0.349891
65.433337	0.345662
65.46667	0.348433
65.500003	0.352478
65.533337	0.342767
65.56667	0.364097
65.600003	0.349222
65.633337	0.333147
65.66667	0.334952
65.700003	0.348375
65.733337	0.341856
65.76667	0.351956
65.800003	0.35356
65.833337	0.355086
65.86667	0.358911
65.900003	0.353273
65.933337	0.353929
65.96667	0.345199
66.000003	0.356978
66.033337	0.327682
66.06667	0.346696
66.100003	0.349486
66.133337	0.354212
66.16667	0.344527
66.200003	0.356725
66.233337	0.350846
66.26667	0.345491
66.300003	0.355937
66.333337	0.347246
66.36667	0.347268
66.400003	0.344187
66.433337	0.350515
66.46667	0.362482
66.500003	0.338949
66.533337	0.35
66.56667	0.35065
66.600003	0.341738
66.633337	0.35073
66.66667	0.355864
66.700003	0.364268
66.733337	0.360342
66.76667	0.354229
66.800003	0.34629
66.833337	0.341907
66.86667	0.34929
66.900003	0.345927
66.933337	0.341689
66.96667	0.365688
67.000003	0.342701
67.033337	0.332198
67.06667	0.335771
67.100003	0.346201
67.133337	0.338976
67.16667	0.355848
67.200004	0.361917
67.233337	0.339808
67.26667	0.340921
67.300004	0.355943
67.333337	0.335438
67.36667	0.353662
67.400004	0.344391
67.433337	0.346519
67.46667	0.355737
67.500004	0.356782
67.533337	0.34004
67.56667	0.35949
67.600004	0.34672
67.633337	0.358363
67.66667	0.334256
67.700004	0.356787
67.733337	0.349941
67.76667	0.356497
67.800004	0.342265
67.833337	0.351455
67.86667	0.336077
67.900004	0.335582
67.933337	0.324553
67.96667	0.350449
68.000004	0.329194
68.033337	0.359738
68.06667	0.339153
68.100004	0.350205
68.133337	0.346447
68.16667	0.345489
68.200004	0.341784
68.233337	0.344941
68.26667	0.353036
68.300004	0.348639
68.333337	0.334377
68.36667	0.342631
68.400004	0.354504
68.433337	0.36379
68.46667	0.333741
68.500004	0.355039
68.533337	0.347802
68.56667	0.337034
68.600004	0.356194
68.633337	0.354492
68.66667	0.353235
68.700004	0.347886
68.733337	0.357851
68.76667	0.350328
68.800004	0.34544
68.833337	0.337985
68.86667	0.353545
68.900004	0.343789
68.933337	0.353622
68.96667	0.339681
69.000004	0.344078
69.033337	0.343563
69.06667	0.342612
69.100004	0.347698
69.133337	0.350719
69.16667	0.344443
69.200004	0.356012
69.233337	0.347208
69.26667	0.367961
69.300004	0.348598
69.333337	0.345641
69.36667	0.349599
69.400004	0.342649
69.433337	0.340389
69.46667	0.357728
69.500004	0.344001
69.533337	0.353351
69.56667	0.348715
69.600004	0.350377
69.633337	0.348849
69.66667	0.33932
69.700004	0.334479
69.733337	0.340602
69.76667	0.352768
69.800004	0.334247
69.833337	0.339196
69.86667	0.347834
69.900004	0.341989
69.933337	0.351455
69.96667	0.348168
70.000004	0.347647
70.033337	0.351931
70.06667	0.355754
70.100004	0.345353
70.133337	0.339226
70.16667	0.332771
70.200004	0.356396
70.233337	0.339919
70.26667	0.348751
70.300004	0.349378
70.333337	0.360806
70.36667	0.344071
70.400004	0.342243
70.433337	0.356409
70.46667	0.34999
70.500004	0.35474
70.533337	0.354719
70.56667	0.334075
70.600004	0.340277
70.633337	0.347011
70.66667	0.348073
70.700004	0.34899
70.733337	0.348509
70.76667	0.331847
70.800004	0.34929
70.833337	0.342551
70.86667	0.343818
70.900004	0.339981
70.933337	0.348897
70.96667	0.349014
71.000004	0.342157
71.033337	0.342727
71.06667	0.345284
71.100004	0.353196
71.133337	0.340857
71.16667	0.355383
71.200004	0.343335
71.233337	0.34105
71.26667	0.345679
71.300004	0.363152
71.333337	0.356298
71.36667	0.344626
71.400004	0.342564
71.433337	0.346398
71.46667	0.352255
71.500004	0.355223
71.533337	0.36137
71.56667	0.345997
71.600004	0.341671
71.633337	0.339414
71.66667	0.352349
71.700004	0.357821
71.733337	0.351695
71.76667	0.346319
71.800004	0.336021
71.833337	0.343075
71.86667	0.354938
71.900004	0.334132
71.933337	0.348635
71.96667	0.350017
72.000004	0.343493
72.033337	0.336395
72.06667	0.358727
72.100004	0.34339
72.133337	0.328343
72.16667	0.340314
72.200004	0.362188
72.233337	0.339559
72.26667	0.354394
72.300004	0.350696
72.333337	0.340309
72.36667	0.344739
72.400004	0.355628
72.433337	0.346351
72.46667	0.349643
72.500004	0.341231
72.533337	0.351483
72.56667	0.340938
72.600004	0.342594
72.633337	0.345747
72.66667	0.355033
72.700004	0.350574
72.733337	0.333302
72.76667	0.350913
72.800004	0.348654
72.833337	0.361275
72.86667	0.35141
72.900004	0.342832
72.933337	0.352263
72.96667	0.346381
73.000004	0.328837
73.033337	0.338753
73.06667	0.342695
73.100004	0.336402
73.133337	0.352663
73.16667	0.338212
73.200004	0.337679
73.233337	0.341385
73.26667	0.352181
73.300004	0.346514
73.333337	0.334402
73.36667	0.354238
73.400004	0.353412
73.433337	0.353013
73.46667	0.352428
73.500004	0.340399
73.533337	0.354934
73.566671	0.343335
73.600004	0.341639
73.633337	0.335165
73.666671	0.328859
73.700004	0.346813
73.733337	0.329163
73.766671	0.334892
73.800004	0.344998
73.833337	0.345152
73.866671	0.344164
73.900004	0.350287
73.933337	0.345606
73.966671	0.353252
74.000004	0.354692
74.033337	0.347837
74.066671	0.347371
74.100004	0.343557
74.133337	0.338982
74.166671	0.327275
74.200004	0.353362
74.233337	0.344743
74.266671	0.346385
74.300004	0.349156
74.333337	0.350388
74.366671	0.348491
74.400004	0.346266
74.433337	0.349128
74.466671	0.344339
74.500004	0.346316
74.533337	0.340006
74.566671	0.341243
74.600004	0.337182
74.633337	0.336832
74.666671	0.35287
74.700004	0.347742
74.733337	0.345997
74.766671	0.340755
74.800004	0.346988
74.833337	0.336455
74.866671	0.352999
74.900004	0.345505
74.933337	0.343194
74.966671	0.363613
75.000004	0.359744
75.033337	0.36223
75.066671	0.342299
75.100004	0.358737
75.133337	0.346774
75.166671	0.352814
75.200004	0.351612
75.233337	0.349506
75.266671	0.359367
75.300004	0.348123
75.333337	0.34265
75.366671	0.348011
75.400004	0.353356
75.433337	0.342111
75.466671	0.351911
75.500004	0.342823
75.533337	0.354333
75.566671	0.346341
75.600004	0.348306
75.633337	0.347364
75.666671	0.349091
75.700004	0.34856
75.733337	0.350163
75.766671	0.352318
75.800004	0.341986
75.833337	0.348829
75.866671	0.366431
75.900004	0.340108
75.933337	0.338925
75.966671	0.347202
76.000004	0.350359
76.033337	0.342012
76.066671	0.352054
76.100004	0.344168
76.133337	0.345304
76.166671	0.356578
76.200004	0.355413
76.233337	0.353575
76.266671	0.340136
76.300004	0.344424
76.333337	0.34874
76.366671	0.349825
76.400004	0.345759
76.433337	0.346663
76.466671	0.346081
76.500004	0.349108
76.533337	0.350911
76.566671	0.356843
76.600004	0.340472
76.633337	0.342692
76.666671	0.343723
76.700004	0.347102
76.733337	0.355778
76.766671	0.344322
76.800004	0.345432
76.833337	0.335294
76.866671	0.346762
76.900004	0.348787
76.933337	0.347037
76.966671	0.356261
77.000004	0.339817
77.033337	0.332523
77.066671	0.343617
77.100004	0.350498
77.133337	0.337794
77.166671	0.350102
77.200004	0.351373
77.233337	0.351015
77.266671	0.349458
77.300004	0.348682
77.333337	0.347642
77.366671	0.34148
77.400004	0.345282
77.433337	0.343483
77.466671	0.354332
77.500004	0.360398
77.533337	0.34377
77.566671	0.347079
77.600004	0.337019
77.633337	0.333472
77.666671	0.347134
77.700004	0.362231
77.733337	0.341614
77.766671	0.338057
77.800004	0.35188
77.833337	0.356053
77.866671	0.348147
77.900004	0.346778
77.933337	0.346321
77.966671	0.344292
78.000004	0.3413
78.033337	0.338525
78.066671	0.347766
78.100004	0.349413
78.133337	0.345032
78.166671	0.342617
78.200004	0.339511
78.233337	0.347755
78.266671	0.348556
78.300004	0.340762
78.333337	0.354247
78.366671	0.34464
78.400004	0.35329
78.433337	0.346845
78.466671	0.348249
78.500004	0.358427
78.533337	0.344686
78.566671	0.352628
78.600004	0.354617
78.633337	0.344678
78.666671	0.35065
78.700004	0.341252
78.733337	0.347946
78.766671	0.346258
78.800004	0.345953
78.833337	0.344081
78.866671	0.340923
78.900004	0.360477
78.933337	0.338742
78.966671	0.355769
79.000004	0.345258
79.033337	0.351186
79.066671	0.353557
79.100004	0.34004
79.133337	0.341775
79.166671	0.340922
79.200004	0.338374
79.233337	0.347911
79.266671	0.340397
79.300004	0.354046
79.333337	0.342231
79.366671	0.338142
79.400004	0.356888
79.433337	0.345528
79.466671	0.3531
79.500004	0.351838
79.533337	0.347832
79.566671	0.338601
79.600004	0.338429
79.633337	0.344096
79.666671	0.348159
79.700004	0.358047
79.733337	0.340703
79.766671	0.350533
79.800004	0.34452
79.833337	0.350804
79.866671	0.356105
79.900004	0.338836
79.933338	0.350294
79.966671	0.34348
80.000004	0.344004
