471
360	-0.0120064970736253
361	-0.0120025663483416
362	-0.0119958839401799
363	-0.0119951917832725
364	-0.011994415783889
365	-0.0119915516756401
366	-0.0119874505431167
367	-0.011982459699887
368	-0.0119767352861044
369	-0.0119696490120241
370	-0.0119695182790184
371	-0.0119694716493743
372	-0.0119542575230025
373	-0.0119489704604042
374	-0.0119469133546521
375	-0.0119339924963547
376	-0.0119248737025449
377	-0.011918895966637
378	-0.0119072528514529
379	-0.0118981144927847
380	-0.0118880166694631
381	-0.0118774298290042
382	-0.0118684095434953
383	-0.011856368040807
384	-0.0118454396418437
385	-0.011832630946529
386	-0.0118116825264039
387	-0.0118020914933691
388	-0.0117881028906787
389	-0.0117698386599027
390	-0.0117512750816969
391	-0.0117403342208942
392	-0.0117134986779128
393	-0.0117008452801375
394	-0.0116852059138318
395	-0.0116699101469962
396	-0.0116573082369625
397	-0.0116216980153089
398	-0.0115877753417381
399	-0.0115461403555987
400	-0.011491604294049
401	-0.0114317666557218
402	-0.011375504666311
403	-0.0113126177665654
404	-0.0112438253040714
405	-0.0111703794244763
406	-0.0110874441025063
407	-0.0109743954354729
408	-0.0108647032454486
409	-0.0107306639947499
410	-0.0105752494522199
411	-0.0104067988511994
412	-0.010243024618218
413	-0.0100767779126936
414	-0.00989584085407754
415	-0.00969305811143382
416	-0.00946318654752087
417	-0.00920193022619075
418	-0.00888826640331437
419	-0.008523905898107
420	-0.00809919561090599
421	-0.00761851756331563
422	-0.00710403684925606
423	-0.00654500629174733
424	-0.00594497469024927
425	-0.00530054359200727
426	-0.00460496871560691
427	-0.00388367474696463
428	-0.00311050636239915
429	-0.00228420558600223
430	-0.0014281323764248
431	-0.000537297544499021
432	0.000374472540257124
433	0.00130005540293104
434	0.00227286509062948
435	0.00330085378641331
436	0.00438619383795825
437	0.00555187944017414
438	0.00680632295782119
439	0.00816083037124262
440	0.00962952540952662
441	0.011154437447647
442	0.0126940073381357
443	0.0142766916576451
444	0.0159346564994872
445	0.0176968569511357
446	0.0195955341010654
447	0.0216591443010766
448	0.023919631811434
449	0.0263983307085976
450	0.0291517071982494
451	0.0320106620702202
452	0.0348709977214751
453	0.0378111735270272
454	0.0409124961560547
455	0.0442517713634505
456	0.0479103818967591
457	0.0519609758838135
458	0.0564981834787678
459	0.0615857976069602
460	0.0673088697994893
461	0.0732953256861078
462	0.079243911466603
463	0.0853711735044493
464	0.0918907483376087
465	0.0990116477362513
466	0.106940486932603
467	0.115864922229354
468	0.125965043987298
469	0.137469572396807
470	0.150493501172891
471	0.164642607657561
472	0.17968603115767
473	0.195726500624709
474	0.212823207176411
475	0.23104392787212
476	0.250455897390851
477	0.271120420294715
478	0.293132518724176
479	0.316531989702383
480	0.341400286199593
481	0.368205078327998
482	0.397176123023188
483	0.42792846475931
484	0.460092088154538
485	0.493331071625456
486	0.527282624373667
487	0.561571531696112
488	0.595858977829518
489	0.629770794470269
490	0.66296642632167
491	0.696598820528659
492	0.731691215716453
493	0.767670016524625
494	0.803949312179867
495	0.839955052805153
496	0.875102875341481
497	0.908814974704304
498	0.94051424450796
499	0.969608122155152
500	0.995533563706366
501	1.01877416596866
502	1.04020508238328
503	1.05982014119344
504	1.07761443673051
505	1.09358203661765
506	1.1077273510929
507	1.12001800027384
508	1.13047678085219
509	1.13908152464729
510	1.14584302585124
511	1.15025452731562
512	1.15205492701939
513	1.15158588699873
514	1.14915494691611
515	1.1451223335629
516	1.13978359813546
517	1.13347397995668
518	1.12652233219387
519	1.11925788136265
520	1.11200423945587
521	1.1041950057105
522	1.09515750965762
523	1.08514307645496
524	1.0742784210139
525	1.06280795818087
526	1.05090808372582
527	1.03878272041874
528	1.02663051421159
529	1.01467864780298
530	1.00306546075701
531	0.991656175840389
532	0.980139962033568
533	0.968520340747438
534	0.956797203797919
535	0.945008087412612
536	0.933123704093893
537	0.921172594878626
538	0.909150414928114
539	0.897068254752024
540	0.884934561931211
541	0.872723597497978
542	0.860417724839555
543	0.848018480290191
544	0.835564491114497
545	0.82304004613991
546	0.810468138530869
547	0.797849088881205
548	0.785205372873549
549	0.772543169709747
550	0.759876965668682
551	0.747170264939326
552	0.734396418373896
553	0.721568628015794
554	0.708707480507387
555	0.695814616823841
556	0.682921918113298
557	0.670040860360175
558	0.657182022473256
559	0.644367281025111
560	0.631610605416302
561	0.618830505351178
562	0.605959956451074
563	0.593032185846525
564	0.580082523265374
565	0.567146620110663
566	0.554258205582156
567	0.541450968959983
568	0.52875780679404
569	0.516216135583187
570	0.503859655316984
571	0.491633937917603
572	0.479472341498454
573	0.467393764833259
574	0.455415750060694
575	0.44355032820975
576	0.431818878676874
577	0.420236782026348
578	0.408820455617131
579	0.39759506983365
580	0.386558870985729
581	0.37567752159367
582	0.364927676281093
583	0.354317020818252
584	0.343875987894331
585	0.333579572277403
586	0.323481430563354
587	0.313585220923046
588	0.303904851360068
589	0.294456937680174
590	0.285265737568733
591	0.276295293843802
592	0.267557528318507
593	0.259033782590956
594	0.250725553905618
595	0.242626016133476
596	0.234729447389287
597	0.227035646170371
598	0.219538723598636
599	0.212233634587038
600	0.20511900533627
601	0.198206056578698
602	0.191501389307397
603	0.185004834807601
604	0.178708200191567
605	0.172607411505082
606	0.166692901846467
607	0.160963769938993
608	0.155415134776159
609	0.150035718016588
610	0.144825754743677
611	0.139794208543649
612	0.134942245082591
613	0.130290381923181
614	0.12581030862465
615	0.121510502529425
616	0.117385843822808
617	0.113420831960138
618	0.109646281312024
619	0.106028895283221
620	0.10258241190286
621	0.099335793271886
622	0.0963563185102848
623	0.0935935834338344
624	0.0910147244541147
625	0.0885922796495882
626	0.0862550271627856
627	0.0840022683799755
628	0.0817851945296251
629	0.0795686692448174
630	0.0773113421629286
631	0.0750477257024156
632	0.0728306157427245
633	0.0706588913514275
634	0.0685367082916831
635	0.0664603761770269
636	0.0644343287379306
637	0.0624610571150878
638	0.0605360587728946
639	0.0586616725130841
640	0.0568367971605917
641	0.0550455195966823
642	0.053275988913768
643	0.0515397350669939
644	0.0498470520458909
645	0.0482131156992856
646	0.0466530204400469
647	0.0451742800465147
648	0.0437947990657119
649	0.0425313172110869
650	0.041385617429421
651	0.04039140717051
652	0.0395359096926672
653	0.0388078402593705
654	0.038179338077114
655	0.0376290944946704
656	0.0371392953738504
657	0.0366814107302955
658	0.0362419143097825
659	0.0357969783867027
660	0.0353222683686556
661	0.0348406189642007
662	0.0343724232328162
663	0.0339573116841339
664	0.033543532478766
665	0.0331606617788184
666	0.0327800450035798
667	0.0324409247131855
668	0.0321088143618927
669	0.0317942340020635
670	0.0314941268872554
671	0.0312128337468982
672	0.0309521587207221
673	0.0307138375982451
674	0.0304936610177741
675	0.0302886618561386
676	0.0301000215632275
677	0.0299242155218555
678	0.0297603702008379
679	0.0296093638531423
680	0.0294629465835269
681	0.0293319374251989
682	0.0292174341571136
683	0.0291231405499068
684	0.0290358627325659
685	0.0289650662963829
686	0.0288979724523864
687	0.0288370347124152
688	0.0287847209943801
689	0.0287211793077042
690	0.0286808599463346
691	0.0286127067102677
692	0.0285613321636693
693	0.0285099693961468
694	0.0284547507373918
695	0.0284126996268947
696	0.0283770694608564
697	0.0283430679639743
698	0.0283176698487277
699	0.0282987969651665
700	0.0282913601140913
701	0.0282883330012587
702	0.0282962803331841
703	0.028309684448299
704	0.0283295720970816
705	0.0283571068381288
706	0.0283887957814988
707	0.0284240487037358
708	0.0284634727991251
709	0.0285064361562269
710	0.0285476814162091
711	0.0285928529811614
712	0.0286446025150656
713	0.0287010813010378
714	0.0287579325159246
715	0.0288176614175572
716	0.0288852305644237
717	0.02895248491218
718	0.0290212225098134
719	0.0290973300612591
720	0.029170816741969
721	0.02924931543452
722	0.029332714207931
723	0.0294228200355744
724	0.0295099639797291
725	0.0295996042329864
726	0.0297087444903333
727	0.0297881535260525
728	0.0298913621183348
729	0.0299904043799827
730	0.0300849149892918
731	0.03018648478144
732	0.0302871008316728
733	0.0303896288429165
734	0.0304936970484179
735	0.0306004738549329
736	0.0307086053491275
737	0.0308173592491003
738	0.0309276660212651
739	0.0310390497941379
740	0.0311517092227872
741	0.0312671620482522
742	0.031383254899275
743	0.0314996940086615
744	0.0316190579083837
745	0.0317362954449216
746	0.0318575050411513
747	0.0319911127100547
748	0.0321060564719706
749	0.0322342125144491
750	0.0323623499915569
751	0.032488794507689
752	0.0326221999421448
753	0.0327419942385846
754	0.0328817805289305
755	0.0330184573559174
756	0.0331577987127582
757	0.0332892914858839
758	0.0334332057776764
759	0.0335735332657814
760	0.0337115280451039
761	0.0338514189718757
762	0.0339982682631927
763	0.0341384462913377
764	0.0342800508826351
765	0.0344346845252065
766	0.0345948973445364
767	0.0347331383618391
768	0.0348827255222313
769	0.0350348008361772
770	0.0351852885954952
771	0.0353389549827204
772	0.035493171404941
773	0.0356483249853639
774	0.0358067297057852
775	0.0359652700943452
776	0.0361225331741699
777	0.0362819142072437
778	0.0364426797139631
779	0.0366044964310531
780	0.0367673511113207
781	0.0369293363147498
782	0.0370954741994249
783	0.0372589412171633
784	0.0374272509975625
785	0.0375940369982796
786	0.0377602134276018
787	0.0379317104291182
788	0.0381015184909549
789	0.0382717206834244
790	0.0384393026400751
791	0.038613112839457
792	0.0387850861715507
793	0.0389520243123519
794	0.0391248524418908
795	0.0393022674703082
796	0.0394739896777858
797	0.0396542296015419
798	0.0398325316226597
799	0.0399961187344878
800	0.0401800226280052
801	0.0403469112880766
802	0.0405351363186744
803	0.0407134957055383
804	0.0408928240468724
805	0.0410726149108666
806	0.0412539311965132
807	0.0414350261828375
808	0.0416155748563603
809	0.0417972578723135
810	0.0419807147459241
811	0.0421632067638629
812	0.0423485055872544
813	0.0425326224348482
814	0.0427160917491372
815	0.042902532234896
816	0.0430881475766544
817	0.0432651833242339
818	0.0434592639119953
819	0.0436451262514652
820	0.0438327580669827
821	0.0440177795564304
822	0.044201658095585
823	0.0443932139359171
824	0.0445748289753357
825	0.0447628939592908
826	0.0449522797146006
827	0.0451374273546324
828	0.0453279933494706
829	0.0455116746882804
830	0.0457024051236004
