0.00000	-0.00066	0.00028	0.00000
100.00000	0.00667	0.00045	0.00000
200.00000	0.01438	0.00060	0.00000
300.00000	0.02197	0.00040	0.00000
400.00000	0.02939	0.00061	0.00000
500.00000	0.03713	0.00058	0.00000
600.00000	0.04448	0.00049	0.00000
700.00000	0.05210	0.00049	0.00000
800.00000	0.05962	0.00034	0.00000
900.00000	0.06709	0.00044	0.00000
1000.00000	0.07463	0.00069	0.00000
1100.00000	0.08218	0.00070	0.00000
1200.00000	0.08977	0.00052	0.00000
1300.00000	0.09736	0.00098	0.00000
1400.00000	0.10469	0.00057	0.00000
1500.00000	0.11208	0.00053	0.00000
1600.00000	0.11990	0.00042	0.00000
1700.00000	0.12749	0.00055	0.00000
1800.00000	0.13489	0.00049	0.00000
1900.00000	0.14246	0.00037	0.00000
2000.00000	0.15017	0.00067	0.00000
2100.00000	0.15759	0.00026	0.00000
2200.00000	0.16501	0.00037	0.00000
2300.00000	0.17258	0.00037	0.00000
2400.00000	0.17993	0.00040	0.00000
2500.00000	0.18738	0.00048	0.00000
2600.00000	0.19504	0.00047	0.00000
2700.00000	0.20251	0.00057	0.00000
2800.00000	0.21001	0.00062	0.00000
2900.00000	0.21714	0.00037	0.00000
3000.00000	0.22495	0.00075	0.00000
3100.00000	0.23242	0.00069	0.00000
3200.00000	0.23970	0.00044	0.00000
3300.00000	0.24712	0.00055	0.00000
3400.00000	0.25430	0.00052	0.00000
3500.00000	0.26174	0.00031	0.00000
3600.00000	0.26919	0.00065	0.00000
3700.00000	0.27686	0.00055	0.00000
3800.00000	0.28420	0.00051	0.00000
3900.00000	0.29126	0.00065	0.00000
