-9.000	-0.047	0.000	0.000
-8.900	-0.046	0.001	0.000
-8.800	-0.046	0.000	0.000
-8.700	-0.045	0.000	0.000
-8.600	-0.045	0.001	0.000
-8.500	-0.044	0.001	0.000
-8.400	-0.044	0.000	0.000
-8.300	-0.043	0.001	0.000
-8.200	-0.043	0.001	0.000
-8.100	-0.042	0.001	0.000
-8.000	-0.042	0.000	0.000
-7.900	-0.041	0.000	0.000
-7.800	-0.041	0.001	0.000
-7.700	-0.040	0.001	0.000
-7.600	-0.039	0.001	0.000
-7.500	-0.039	0.001	0.000
-7.400	-0.039	0.001	0.000
-7.300	-0.038	0.000	0.000
-7.200	-0.038	0.000	0.000
-7.100	-0.037	0.000	0.000
-7.000	-0.037	0.000	0.000
-6.900	-0.036	0.001	0.000
-6.800	-0.035	0.000	0.000
-6.700	-0.035	0.000	0.000
-6.600	-0.034	0.001	0.000
-6.500	-0.034	0.000	0.000
-6.400	-0.033	0.001	0.000
-6.300	-0.033	0.001	0.000
-6.200	-0.032	0.001	0.000
-6.100	-0.032	0.001	0.000
-6.000	-0.031	0.001	0.000
-5.900	-0.031	0.001	0.000
-5.800	-0.030	0.000	0.000
-5.700	-0.030	0.000	0.000
-5.600	-0.029	0.000	0.000
-5.500	-0.029	0.000	0.000
-5.400	-0.028	0.001	0.000
-5.300	-0.028	0.001	0.000
-5.200	-0.027	0.001	0.000
-5.100	-0.027	0.000	0.000
-5.000	-0.026	0.001	0.000
-4.900	-0.026	0.000	0.000
-4.800	-0.025	0.000	0.000
-4.700	-0.025	0.000	0.000
-4.600	-0.024	0.001	0.000
-4.500	-0.024	0.000	0.000
-4.400	-0.023	0.000	0.000
-4.300	-0.023	0.000	0.000
-4.200	-0.022	0.000	0.000
-4.100	-0.022	0.001	0.000
-4.000	-0.021	0.001	0.000
-3.900	-0.021	0.000	0.000
-3.800	-0.020	0.001	0.000
-3.700	-0.020	0.001	0.000
-3.600	-0.019	0.001	0.000
-3.500	-0.019	0.000	0.000
-3.400	-0.018	0.001	0.000
-3.300	-0.018	0.000	0.000
-3.200	-0.017	0.000	0.000
-3.100	-0.016	0.001	0.000
-3.000	-0.016	0.001	0.000
-2.900	-0.016	0.000	0.000
-2.800	-0.015	0.000	0.000
-2.700	-0.014	0.000	0.000
-2.600	-0.014	0.000	0.000
-2.500	-0.013	0.001	0.000
-2.400	-0.013	0.000	0.000
-2.300	-0.012	0.001	0.000
-2.200	-0.012	0.001	0.000
-2.100	-0.011	0.000	0.000
-2.000	-0.011	0.000	0.000
-1.900	-0.010	0.001	0.000
-1.800	-0.010	0.001	0.000
-1.700	-0.009	0.000	0.000
-1.600	-0.009	0.000	0.000
-1.500	-0.008	0.000	0.000
-1.400	-0.008	0.000	0.000
-1.300	-0.007	0.001	0.000
-1.200	-0.007	0.001	0.000
-1.100	-0.006	0.001	0.000
-1.000	-0.006	0.001	0.000
-0.900	-0.005	0.000	0.000
-0.800	-0.005	0.001	0.000
-0.700	-0.004	0.000	0.000
-0.600	-0.004	0.001	0.000
-0.500	-0.003	0.000	0.000
-0.400	-0.003	0.000	0.000
-0.300	-0.002	0.001	0.000
-0.200	-0.002	0.000	0.000
-0.100	-0.001	0.000	0.000
0.000	-0.001	0.001	0.000
0.100	-0.000	0.000	0.000
0.200	0.000	0.000	0.000
0.300	0.001	0.001	0.000
0.400	0.001	0.001	0.000
0.500	0.002	0.000	0.000
0.600	0.002	0.001	0.000
0.700	0.003	0.001	0.000
0.800	0.004	0.001	0.000
0.900	0.004	0.000	0.000
1.000	0.005	0.001	0.000
1.100	0.005	0.001	0.000
1.200	0.006	0.001	0.000
1.300	0.006	0.000	0.000
1.400	0.007	0.001	0.000
1.500	0.007	0.001	0.000
1.600	0.008	0.001	0.000
1.700	0.008	0.001	0.000
1.800	0.009	0.000	0.000
1.900	0.009	0.000	0.000
2.000	0.010	0.001	0.000
2.100	0.010	0.001	0.000
2.200	0.011	0.001	0.000
2.300	0.011	0.001	0.000
2.400	0.012	0.001	0.000
2.500	0.012	0.001	0.000
2.600	0.013	0.001	0.000
2.700	0.013	0.001	0.000
2.800	0.014	0.001	0.000
2.900	0.014	0.001	0.000
3.000	0.015	0.001	0.000
3.100	0.015	0.000	0.000
3.200	0.016	0.001	0.000
3.300	0.016	0.000	0.000
3.400	0.017	0.000	0.000
3.500	0.017	0.001	0.000
3.600	0.018	0.000	0.000
3.700	0.018	0.000	0.000
3.800	0.019	0.001	0.000
3.900	0.019	0.001	0.000
4.000	0.020	0.001	0.000
4.100	0.020	0.000	0.000
4.200	0.021	0.001	0.000
4.300	0.021	0.001	0.000
4.400	0.022	0.001	0.000
4.500	0.023	0.001	0.000
4.600	0.023	0.000	0.000
4.700	0.024	0.001	0.000
4.800	0.024	0.000	0.000
4.900	0.025	0.001	0.000
5.000	0.025	0.000	0.000
5.100	0.026	0.000	0.000
5.200	0.026	0.000	0.000
5.300	0.027	0.001	0.000
5.400	0.027	0.001	0.000
5.500	0.028	0.000	0.000
5.600	0.028	0.001	0.000
5.700	0.029	0.000	0.000
5.800	0.029	0.001	0.000
5.900	0.030	0.001	0.000
6.000	0.030	0.000	0.000
6.100	0.031	0.000	0.000
6.200	0.031	0.000	0.000
6.300	0.032	0.000	0.000
6.400	0.032	0.001	0.000
6.500	0.033	0.001	0.000
6.600	0.033	0.001	0.000
6.700	0.034	0.000	0.000
6.800	0.034	0.000	0.000
6.900	0.035	0.000	0.000
7.000	0.035	0.000	0.000
7.100	0.036	0.000	0.000
7.200	0.036	0.000	0.000
7.300	0.037	0.001	0.000
7.400	0.037	0.000	0.000
7.500	0.038	0.001	0.000
7.600	0.038	0.000	0.000
7.700	0.039	0.001	0.000
7.800	0.040	0.001	0.000
7.900	0.040	0.001	0.000
8.000	0.040	0.000	0.000
8.100	0.041	0.001	0.000
8.200	0.041	0.000	0.000
8.300	0.042	0.001	0.000
8.400	0.042	0.000	0.000
8.500	0.043	0.000	0.000
8.600	0.043	0.000	0.000
8.700	0.044	0.000	0.000
8.800	0.045	0.001	0.000
8.900	0.045	0.001	0.000
-9.00000	-0.04685	0.00063	0.00000
-8.75000	-0.04544	0.00041	0.00000
-8.50000	-0.04422	0.00050	0.00000
-8.25000	-0.04301	0.00050	0.00000
-8.00000	-0.04159	0.00043	0.00000
-7.75000	-0.04036	0.00056	0.00000
-7.50000	-0.03908	0.00052	0.00000
-7.25000	-0.03781	0.00052	0.00000
-7.00000	-0.03636	0.00050	0.00000
-6.75000	-0.03519	0.00052	0.00000
-6.50000	-0.03399	0.00055	0.00000
-6.25000	-0.03266	0.00054	0.00000
-6.00000	-0.03141	0.00053	0.00000
-5.75000	-0.03007	0.00046	0.00000
-5.50000	-0.02887	0.00057	0.00000
-5.25000	-0.02755	0.00054	0.00000
-5.00000	-0.02627	0.00061	0.00000
-4.75000	-0.02499	0.00049	0.00000
-4.50000	-0.02377	0.00047	0.00000
-4.25000	-0.02237	0.00041	0.00000
-4.00000	-0.02115	0.00042	0.00000
-3.75000	-0.01995	0.00054	0.00000
-3.50000	-0.01855	0.00048	0.00000
-3.25000	-0.01732	0.00049	0.00000
-3.00000	-0.01599	0.00044	0.00000
-2.75000	-0.01467	0.00045	0.00000
-2.50000	-0.01347	0.00042	0.00000
-2.25000	-0.01214	0.00056	0.00000
-2.00000	-0.01094	0.00050	0.00000
-1.75000	-0.00956	0.00056	0.00000
-1.50000	-0.00828	0.00041	0.00000
-1.25000	-0.00714	0.00061	0.00000
-1.00000	-0.00572	0.00057	0.00000
-0.75000	-0.00453	0.00046	0.00000
-0.50000	-0.00308	0.00042	0.00000
-0.25000	-0.00193	0.00047	0.00000
0.00000	-0.00071	0.00053	0.00000
0.25000	0.00065	0.00045	0.00000
0.50000	0.00204	0.00051	0.00000
0.75000	0.00330	0.00049	0.00000
1.00000	0.00445	0.00048	0.00000
1.25000	0.00579	0.00045	0.00000
1.50000	0.00712	0.00051	0.00000
1.75000	0.00846	0.00056	0.00000
2.00000	0.00968	0.00046	0.00000
2.25000	0.01101	0.00064	0.00000
2.50000	0.01227	0.00055	0.00000
2.75000	0.01357	0.00061	0.00000
3.00000	0.01481	0.00043	0.00000
3.25000	0.01614	0.00046	0.00000
3.50000	0.01718	0.00054	0.00000
3.75000	0.01860	0.00056	0.00000
4.00000	0.01995	0.00055	0.00000
4.25000	0.02116	0.00052	0.00000
4.50000	0.02255	0.00052	0.00000
4.75000	0.02380	0.00066	0.00000
5.00000	0.02504	0.00053	0.00000
5.25000	0.02641	0.00043	0.00000
5.50000	0.02758	0.00061	0.00000
5.75000	0.02891	0.00049	0.00000
6.00000	0.03019	0.00039	0.00000
6.25000	0.03148	0.00062	0.00000
6.50000	0.03282	0.00053	0.00000
6.75000	0.03393	0.00047	0.00000
7.00000	0.03532	0.00055	0.00000
7.25000	0.03661	0.00048	0.00000
7.50000	0.03783	0.00065	0.00000
7.75000	0.03914	0.00044	0.00000
8.00000	0.04045	0.00044	0.00000
8.25000	0.04168	0.00044	0.00000
8.50000	0.04300	0.00054	0.00000
8.75000	0.04430	0.00060	0.00000
