-9.00000	-0.04678	0.00039	0.00000
-8.50000	-0.04429	0.00041	0.00000
-8.00000	-0.04166	0.00035	0.00000
-7.50000	-0.03914	0.00042	0.00000
-7.00000	-0.03656	0.00040	0.00000
-6.50000	-0.03396	0.00045	0.00000
-6.00000	-0.03139	0.00037	0.00000
-5.50000	-0.02892	0.00042	0.00000
-5.00000	-0.02635	0.00039	0.00000
-4.50000	-0.02384	0.00042	0.00000
-4.00000	-0.02126	0.00039	0.00000
-3.50000	-0.01861	0.00045	0.00000
-3.00000	-0.01615	0.00044	0.00000
-2.50000	-0.01353	0.00040	0.00000
-2.00000	-0.01104	0.00035	0.00000
-1.50000	-0.00840	0.00039	0.00000
-1.00000	-0.00583	0.00042	0.00000
-0.50000	-0.00325	0.00042	0.00000
0.00000	-0.00069	0.00035	0.00000
0.50000	0.00187	0.00039	0.00000
1.00000	0.00444	0.00037	0.00000
1.50000	0.00696	0.00041	0.00000
2.00000	0.00946	0.00045	0.00000
2.50000	0.01219	0.00041	0.00000
3.00000	0.01467	0.00042	0.00000
3.50000	0.01722	0.00035	0.00000
4.00000	0.01981	0.00045	0.00000
4.50000	0.02245	0.00048	0.00000
5.00000	0.02497	0.00043	0.00000
5.50000	0.02759	0.00032	0.00000
6.00000	0.03015	0.00040	0.00000
6.50000	0.03258	0.00042	0.00000
7.00000	0.03523	0.00039	0.00000
7.50000	0.03778	0.00040	0.00000
8.00000	0.04019	0.00047	0.00000
8.50000	0.04285	0.00033	0.00000
-9.00000	-0.04629	0.00050
-8.50000	-0.04399	0.00036
-8.00000	-0.04155	0.00036
-7.50000	-0.03901	0.00071
-7.00000	-0.03640	0.00087
-6.50000	-0.03396	0.00080
-6.00000	-0.03145	0.00088
-5.50000	-0.02903	0.00078
-5.00000	-0.02617	0.00112
-4.50000	-0.02366	0.00115
-4.00000	-0.02102	0.00121
-3.50000	-0.01816	0.00123
-3.00000	-0.01538	0.00114
-2.50000	-0.01274	0.00103
-2.00000	-0.01050	0.00114
-1.50000	-0.00757	0.00075
-1.00000	-0.00513	0.00083
-0.50000	-0.00249	0.00036
0.00000	-0.00027	0.00086
0.50000	0.00232	0.00065
1.00000	0.00479	0.00061
1.50000	0.00730	0.00056
2.00000	0.00991	0.00078
2.50000	0.01260	0.00091
3.00000	0.01487	0.00072
3.50000	0.01772	0.00115
4.00000	0.02007	0.00103
4.50000	0.02290	0.00121
5.00000	0.02551	0.00124
5.50000	0.02834	0.00121
6.00000	0.03105	0.00112
6.50000	0.03340	0.00116
7.00000	0.03635	0.00078
7.50000	0.03877	0.00081
8.00000	0.04138	0.00082
8.50000	0.04385	0.00070
