69
390	1.84E-003
395	4.62E-003
400	9.63E-003
405	1.90E-002
410	3.08E-002
415	4.25E-002
420	5.17E-002
425	5.28E-002
430	4.43E-002
435	3.22E-002
440	1.48E-002
445	-2.34E-003
450	-2.91E-002
455	-6.07E-002
460	-9.62E-002
465	-1.38E-001
470	-1.75E-001
475	-2.13E-001
480	-2.38E-001
485	-2.57E-001
490	-2.77E-001
495	-2.91E-001
500	-2.95E-001
505	-2.97E-001
510	-2.68E-001
515	-2.17E-001
520	-1.48E-001
525	-3.52E-002
530	1.06E-001
535	2.60E-001
540	4.20E-001
545	5.93E-001
550	7.90E-001
555	1.01E+000
560	1.23E+000
565	1.47E+000
570	1.75E+000
575	2.02E+000
580	2.27E+000
585	2.49E+000
590	2.67E+000
595	2.81E+000
600	2.87E+000
605	2.85E+000
610	2.76E+000
615	2.60E+000
620	2.37E+000
625	2.11E+000
630	1.81E+000
635	1.52E+000
640	1.25E+000
645	1.01E+000
650	7.86E-001
655	5.97E-001
660	4.43E-001
665	3.24E-001
670	2.35E-001
675	1.69E-001
680	1.21E-001
685	8.58E-002
690	6.03E-002
695	4.15E-002
700	2.81E-002
705	1.91E-002
710	1.33E-002
715	9.41E-003
720	6.52E-003
725	4.54E-003
730	3.17E-003
