0.033333	0.297284
0.066667	0.293691
0.100000	0.291232
0.133333	0.290444
0.166667	0.276271
0.200000	0.275423
0.233333	0.297843
0.266667	0.301599
0.300000	0.291806
0.333333	0.293711
0.366667	0.278353
0.400000	0.291449
0.433333	0.302583
0.466667	0.287028
0.500000	0.289517
0.533333	0.288459
0.566667	0.286268
0.600000	0.285889
0.633333	0.280233
0.666667	0.302734
0.700000	0.291943
0.733333	0.307126
0.766667	0.293440
0.800000	0.282399
0.833333	0.289225
0.866667	0.297325
0.900000	0.284037
0.933333	0.295785
0.966667	0.286752
1.000000	0.275499
1.033333	0.281539
1.066667	0.297011
1.100000	0.277423
1.133333	0.284268
1.166667	0.290764
1.200000	0.284473
1.233333	0.280069
1.266667	0.295662
1.300000	0.282824
1.333333	0.284246
1.366667	0.296090
1.400000	0.289691
1.433333	0.287636
1.466667	0.294532
1.500000	0.279800
1.533333	0.285687
1.566667	0.286528
1.600000	0.268085
1.633333	0.278587
1.666667	0.291648
1.700000	0.291495
1.733333	0.290540
1.766667	0.301138
1.800000	0.281342
1.833333	0.295738
1.866667	0.308108
1.900000	0.292807
1.933333	0.292584
1.966667	0.272145
2.000000	0.294742
2.033333	0.278386
2.066667	0.292907
2.100000	0.283066
2.133333	0.280313
2.166667	0.304928
2.200000	0.282626
2.233333	0.278945
2.266667	0.296569
2.300000	0.290214
2.333333	0.285977
2.366667	0.287829
2.400000	0.290512
2.433333	0.273397
2.466667	0.290186
2.500000	0.280396
2.533333	0.262332
2.566667	0.289652
2.600000	0.290206
2.633333	0.283798
2.666667	0.286615
2.700000	0.283962
2.733333	0.292561
2.766667	0.266955
2.800000	0.290922
2.833333	0.298899
2.866667	0.289142
2.900000	0.282889
2.933333	0.281252
2.966667	0.286088
3.000000	0.300552
3.033333	0.287835
3.066667	0.299504
3.100000	0.296455
3.133333	0.293782
3.166667	0.290195
3.200000	0.274362
3.233334	0.297263
3.266667	0.276467
3.300000	0.299114
3.333334	0.288831
3.366667	0.288842
3.400000	0.277049
3.433334	0.282361
3.466667	0.291544
3.500000	0.289673
3.533334	0.276824
3.566667	0.294114
3.600000	0.302771
3.633334	0.290521
3.666667	0.297376
3.700000	0.281934
3.733334	0.284192
3.766667	0.275911
3.800000	0.274894
3.833334	0.278348
3.866667	0.291848
3.900000	0.288589
3.933334	0.293659
3.966667	0.279912
4.000000	0.287182
4.033334	0.293239
4.066667	0.290765
4.100000	0.291740
4.133334	0.291614
4.166667	0.305182
4.200000	0.292135
4.233334	0.287601
4.266667	0.282509
4.300000	0.284217
4.333334	0.277889
4.366667	0.303633
4.400000	0.282462
4.433334	0.288226
4.466667	0.290505
4.500000	0.299870
4.533334	0.294401
4.566667	0.281586
4.600000	0.280678
4.633334	0.293952
4.666667	0.279177
4.700000	0.290225
4.733334	0.289121
4.766667	0.291073
4.800000	0.281408
4.833334	0.275060
4.866667	0.287348
4.900000	0.278756
4.933334	0.287200
4.966667	0.289645
5.000000	0.299067
5.033334	0.285457
5.066667	0.279959
5.100000	0.303215
5.133334	0.283773
5.166667	0.287143
5.200000	0.280813
5.233334	0.288272
5.266667	0.283280
5.300000	0.296735
5.333334	0.299362
5.366667	0.278535
5.400000	0.280640
5.433334	0.277148
5.466667	0.291195
5.500000	0.289620
5.533334	0.294123
5.566667	0.296864
5.600000	0.292322
5.633334	0.285589
5.666667	0.297944
5.700000	0.292383
5.733334	0.291002
5.766667	0.287579
5.800000	0.288968
5.833334	0.290880
5.866667	0.286956
5.900000	0.298302
5.933334	0.275237
5.966667	0.272099
6.000000	0.290458
6.033334	0.285239
6.066667	0.303862
6.100000	0.288803
6.133334	0.290698
6.166667	0.286272
6.200000	0.287997
6.233334	0.297965
6.266667	0.293501
6.300000	0.303765
6.333334	0.286183
6.366667	0.310852
6.400000	0.298142
6.433334	0.276282
6.466667	0.273955
6.500000	0.291266
6.533334	0.272801
6.566667	0.277498
6.600000	0.285876
6.633334	0.303433
6.666667	0.292453
6.700000	0.285041
6.733334	0.286835
6.766667	0.294636
6.800000	0.294549
6.833334	0.284393
6.866667	0.286826
6.900000	0.288276
6.933334	0.292215
6.966667	0.280105
7.000000	0.282262
7.033334	0.281802
7.066667	0.271796
7.100000	0.296521
7.133334	0.292559
7.166667	0.274010
7.200000	0.273698
7.233334	0.277565
7.266667	0.281274
7.300000	0.284071
7.333334	0.299185
7.366667	0.277912
7.400000	0.277375
7.433334	0.284430
7.466667	0.300583
7.500000	0.299051
7.533334	0.286854
7.566667	0.288059
7.600000	0.276139
7.633334	0.278213
7.666667	0.288896
7.700000	0.286510
7.733334	0.282483
7.766667	0.301485
7.800000	0.302517
7.833334	0.275486
7.866667	0.306130
7.900000	0.282465
7.933334	0.282913
7.966667	0.287361
8.000000	0.277803
8.033334	0.312436
8.066667	0.279357
8.100000	0.284598
8.133334	0.283365
8.166667	0.287980
8.200000	0.295151
8.233334	0.281384
8.266667	0.275935
8.300000	0.300139
8.333334	0.295334
8.366667	0.278178
8.400000	0.295309
8.433334	0.291505
8.466667	0.287313
8.500000	0.295591
8.533334	0.297953
8.566667	0.285842
8.600000	0.289511
8.633334	0.298025
8.666667	0.288739
8.700000	0.292594
8.733334	0.282478
8.766667	0.289000
8.800000	0.293445
8.833334	0.289868
8.866667	0.288199
8.900000	0.291289
8.933334	0.292451
8.966667	0.285428
9.000000	0.286940
9.033334	0.294306
9.066667	0.294604
9.100000	0.283897
9.133334	0.288830
9.166667	0.290531
9.200000	0.276371
9.233334	0.282521
9.266667	0.294886
9.300000	0.295125
9.333334	0.290910
9.366667	0.284719
9.400000	0.273196
9.433334	0.273309
9.466667	0.294166
9.500000	0.280313
9.533334	0.295794
9.566667	0.282635
9.600001	0.273673
9.633334	0.280942
9.666667	0.283546
9.700001	0.284859
9.733334	0.282999
9.766667	0.282616
9.800001	0.295648
9.833334	0.293693
9.866667	0.290159
9.900001	0.298272
9.933334	0.284722
9.966667	0.291313
10.000001	0.288247
10.033334	0.279929
10.066667	0.282324
10.100001	0.296572
10.133334	0.289215
10.166667	0.283301
10.200001	0.288274
10.233334	0.283495
10.266667	0.286917
10.300001	0.289860
10.333334	0.273509
10.366667	0.254735
10.400001	0.265910
10.433334	0.263990
10.466667	0.261273
10.500001	0.269253
10.533334	0.268330
10.566667	0.279815
10.600001	0.273276
10.633334	0.288260
10.666667	0.269267
10.700001	0.267089
10.733334	0.278727
10.766667	0.285397
10.800001	0.283700
10.833334	0.288091
10.866667	0.276634
10.900001	0.270172
10.933334	0.272812
10.966667	0.280379
11.000001	0.257360
11.033334	0.277311
11.066667	0.265226
11.100001	0.273816
11.133334	0.264729
11.166667	0.272172
11.200001	0.288670
11.233334	0.270758
11.266667	0.290114
11.300001	0.301332
11.333334	0.297707
11.366667	0.272699
11.400001	0.296859
11.433334	0.303770
11.466667	0.306458
11.500001	0.303508
11.533334	0.304962
11.566667	0.296918
11.600001	0.307028
11.633334	0.298662
11.666667	0.307629
11.700001	0.323089
11.733334	0.316955
11.766667	0.310200
11.800001	0.326951
11.833334	0.308715
11.866667	0.319841
11.900001	0.323872
11.933334	0.325257
11.966667	0.309086
12.000001	0.310679
12.033334	0.321038
12.066667	0.317568
12.100001	0.304158
12.133334	0.320834
12.166667	0.312660
12.200001	0.316678
12.233334	0.307849
12.266667	0.311708
12.300001	0.306678
12.333334	0.287467
12.366667	0.300942
12.400001	0.278031
12.433334	0.276649
12.466667	0.273496
12.500001	0.247546
12.533334	0.269063
12.566667	0.264686
12.600001	0.278320
12.633334	0.281435
12.666667	0.280987
12.700001	0.273284
12.733334	0.268423
12.766667	0.254907
12.800001	0.269131
12.833334	0.272493
12.866667	0.267240
12.900001	0.261511
12.933334	0.265459
12.966667	0.291140
13.000001	0.263276
13.033334	0.252512
13.066667	0.285728
13.100001	0.289353
13.133334	0.282733
13.166667	0.292142
13.200001	0.284989
13.233334	0.290265
13.266667	0.288184
13.300001	0.297491
13.333334	0.298865
13.366667	0.288941
13.400001	0.291996
13.433334	0.301841
13.466667	0.295447
13.500001	0.295933
13.533334	0.300034
13.566667	0.301445
13.600001	0.302516
13.633334	0.305349
13.666667	0.293824
13.700001	0.309455
13.733334	0.296229
13.766667	0.303868
13.800001	0.309052
13.833334	0.304296
13.866667	0.304719
13.900001	0.298323
13.933334	0.316744
13.966667	0.318629
14.000001	0.318667
14.033334	0.303726
14.066667	0.303647
14.100001	0.292919
14.133334	0.310296
14.166667	0.316688
14.200001	0.305914
14.233334	0.313586
14.266667	0.304968
14.300001	0.328472
14.333334	0.315108
14.366667	0.313655
14.400001	0.316101
14.433334	0.310690
14.466667	0.322728
14.500001	0.321702
14.533334	0.317548
14.566667	0.301771
14.600001	0.313837
14.633334	0.323610
14.666667	0.315985
14.700001	0.315504
14.733334	0.320994
14.766667	0.316121
14.800001	0.307650
14.833334	0.320661
14.866667	0.318803
14.900001	0.328930
14.933334	0.314907
14.966667	0.313126
15.000001	0.308716
15.033334	0.322779
15.066667	0.328758
15.100001	0.336005
15.133334	0.323420
15.166667	0.316505
15.200001	0.326630
15.233334	0.322882
15.266667	0.318427
15.300001	0.325621
15.333334	0.320080
15.366667	0.338247
15.400001	0.335217
15.433334	0.325746
15.466667	0.325129
15.500001	0.324175
15.533334	0.317601
15.566667	0.331067
15.600001	0.326439
15.633334	0.321681
15.666667	0.327559
15.700001	0.327251
15.733334	0.310873
15.766667	0.321738
15.800001	0.322064
15.833334	0.335358
15.866667	0.321762
15.900001	0.318550
15.933334	0.329349
15.966667	0.340702
16.000001	0.333781
16.033334	0.334440
16.066668	0.328160
16.100001	0.327117
16.133334	0.338705
16.166668	0.343289
16.200001	0.340565
16.233334	0.336296
16.266668	0.318237
16.300001	0.345007
16.333334	0.330908
16.366668	0.332369
16.400001	0.346993
16.433334	0.348316
16.466668	0.331467
16.500001	0.334713
16.533334	0.326238
16.566668	0.346856
16.600001	0.343021
16.633334	0.335396
16.666668	0.337812
16.700001	0.338133
16.733334	0.318454
16.766668	0.341229
16.800001	0.333157
16.833334	0.325591
16.866668	0.331242
16.900001	0.349918
16.933334	0.339480
16.966668	0.332454
17.000001	0.336971
17.033334	0.334541
17.066668	0.342447
17.100001	0.334658
17.133334	0.349990
17.166668	0.344890
17.200001	0.340530
17.233334	0.351741
17.266668	0.347594
17.300001	0.340273
17.333334	0.346520
17.366668	0.336169
17.400001	0.350529
17.433334	0.351896
17.466668	0.346216
17.500001	0.342709
17.533334	0.354250
17.566668	0.339208
17.600001	0.339753
17.633334	0.342752
17.666668	0.341415
17.700001	0.307875
17.733334	0.350623
17.766668	0.337307
17.800001	0.341059
17.833334	0.351810
17.866668	0.336858
17.900001	0.345814
17.933334	0.338442
17.966668	0.339936
18.000001	0.353442
18.033334	0.341182
18.066668	0.339473
18.100001	0.334896
18.133334	0.345976
18.166668	0.337876
18.200001	0.343556
18.233334	0.352054
18.266668	0.340872
18.300001	0.336040
18.333334	0.344985
18.366668	0.340447
18.400001	0.342499
18.433334	0.349027
18.466668	0.339306
18.500001	0.328664
18.533334	0.354287
18.566668	0.335971
18.600001	0.348614
18.633334	0.331310
18.666668	0.343572
18.700001	0.346428
18.733334	0.332362
18.766668	0.353163
18.800001	0.326608
18.833334	0.335161
18.866668	0.343640
18.900001	0.345618
18.933334	0.337993
18.966668	0.337345
19.000001	0.347559
19.033334	0.339744
19.066668	0.338151
19.100001	0.338877
19.133334	0.331707
19.166668	0.340404
19.200001	0.350536
19.233334	0.346539
19.266668	0.345568
19.300001	0.331414
19.333334	0.337880
19.366668	0.355267
19.400001	0.341439
19.433334	0.336205
19.466668	0.339534
19.500001	0.343516
19.533334	0.353040
19.566668	0.336074
19.600001	0.339453
19.633334	0.339472
19.666668	0.345457
19.700001	0.353159
19.733334	0.324474
19.766668	0.350392
19.800001	0.335307
19.833334	0.337648
19.866668	0.344279
19.900001	0.337830
19.933334	0.339875
19.966668	0.340149
20.000001	0.334980
20.033334	0.333327
20.066668	0.330329
20.100001	0.344130
20.133334	0.338149
20.166668	0.343719
20.200001	0.349804
20.233334	0.345516
20.266668	0.354274
20.300001	0.334141
20.333334	0.345463
20.366668	0.337834
20.400001	0.337807
20.433334	0.341290
20.466668	0.339686
20.500001	0.346499
20.533334	0.344338
20.566668	0.347914
20.600001	0.355788
20.633334	0.342536
20.666668	0.347459
20.700001	0.342451
20.733334	0.334032
20.766668	0.338259
20.800001	0.345348
20.833334	0.344848
20.866668	0.345513
20.900001	0.347494
20.933334	0.330809
20.966668	0.348321
21.000001	0.331881
21.033334	0.336324
21.066668	0.329528
21.100001	0.342548
21.133334	0.347613
21.166668	0.331716
21.200001	0.333134
21.233334	0.349254
21.266668	0.348121
21.300001	0.343983
21.333334	0.336479
21.366668	0.331138
21.400001	0.322868
21.433334	0.359619
21.466668	0.336194
21.500001	0.339659
21.533334	0.343674
21.566668	0.338913
21.600001	0.343918
21.633334	0.346161
21.666668	0.348974
21.700001	0.339399
21.733334	0.334519
21.766668	0.336314
21.800001	0.348874
21.833334	0.346389
21.866668	0.351738
21.900001	0.341629
21.933334	0.335958
21.966668	0.326889
22.000001	0.348659
22.033334	0.340584
22.066668	0.337699
22.100001	0.320636
22.133334	0.340623
22.166668	0.330408
22.200001	0.349228
22.233334	0.341104
22.266668	0.346532
22.300001	0.357836
22.333334	0.336807
22.366668	0.333430
22.400001	0.348408
22.433335	0.341150
22.466668	0.348054
22.500001	0.320845
22.533335	0.337209
22.566668	0.347982
22.600001	0.338584
22.633335	0.348644
22.666668	0.328678
22.700001	0.349387
22.733335	0.342022
22.766668	0.340409
22.800001	0.348950
22.833335	0.347284
22.866668	0.339344
22.900001	0.343247
22.933335	0.339523
22.966668	0.352572
23.000001	0.336469
23.033335	0.337996
23.066668	0.348317
23.100001	0.345753
23.133335	0.349547
23.166668	0.341210
23.200001	0.335990
23.233335	0.330750
23.266668	0.343258
23.300001	0.335195
23.333335	0.336784
23.366668	0.324091
23.400001	0.349068
23.433335	0.270650
23.466668	0.274577
23.500001	0.260080
23.533335	0.257041
23.566668	0.273522
23.600001	0.259844
23.633335	0.233760
23.666668	0.256943
23.700001	0.245591
23.733335	0.275053
23.766668	0.246580
23.800001	0.291746
23.833335	0.281083
23.866668	0.256350
23.900001	0.265130
23.933335	0.292177
23.966668	0.274183
24.000001	0.274177
24.033335	0.288383
24.066668	0.289532
24.100001	0.274781
24.133335	0.290892
24.166668	0.292970
24.200001	0.303319
24.233335	0.305223
24.266668	0.298883
24.300001	0.305865
24.333335	0.283102
24.366668	0.294464
24.400001	0.293351
24.433335	0.300744
24.466668	0.286460
24.500001	0.290929
24.533335	0.276349
24.566668	0.272344
24.600001	0.276025
24.633335	0.273796
24.666668	0.283612
24.700001	0.273153
24.733335	0.261335
24.766668	0.256820
24.800001	0.269672
24.833335	0.263094
24.866668	0.263079
24.900001	0.261093
24.933335	0.260771
24.966668	0.263535
25.000001	0.240523
25.033335	0.247488
25.066668	0.248994
25.100001	0.237201
25.133335	0.252760
25.166668	0.266377
25.200001	0.339882
25.233335	0.335977
25.266668	0.335481
25.300001	0.331320
25.333335	0.317081
25.366668	0.315784
25.400001	0.317857
25.433335	0.344759
25.466668	0.325217
25.500001	0.311225
25.533335	0.331996
25.566668	0.324989
25.600001	0.322630
25.633335	0.321065
25.666668	0.315486
25.700001	0.315014
25.733335	0.311951
25.766668	0.319044
25.800001	0.322361
25.833335	0.309938
25.866668	0.319068
25.900001	0.311414
25.933335	0.319093
25.966668	0.308015
26.000001	0.326870
26.033335	0.305452
26.066668	0.315168
26.100001	0.311530
26.133335	0.308942
26.166668	0.315914
26.200001	0.307316
26.233335	0.313175
26.266668	0.314860
26.300001	0.306663
26.333335	0.319843
26.366668	0.320041
26.400001	0.332965
26.433335	0.325433
26.466668	0.310666
26.500001	0.311715
26.533335	0.323948
26.566668	0.310199
26.600001	0.332863
26.633335	0.321855
26.666668	0.325918
26.700001	0.323057
26.733335	0.326717
26.766668	0.307811
26.800001	0.306321
26.833335	0.309235
26.866668	0.332295
26.900001	0.317382
26.933335	0.306550
26.966668	0.320746
27.000001	0.335891
27.033335	0.323301
27.066668	0.320553
27.100001	0.315477
27.133335	0.316304
27.166668	0.338043
27.200001	0.336544
27.233335	0.331446
27.266668	0.332628
27.300001	0.331783
27.333335	0.336232
27.366668	0.338308
27.400001	0.334977
27.433335	0.330179
27.466668	0.264856
27.500001	0.262412
27.533335	0.260757
27.566668	0.249127
27.600001	0.247560
27.633335	0.244162
27.666668	0.233757
27.700001	0.231598
27.733335	0.235698
27.766668	0.212087
27.800001	0.229755
27.833335	0.229320
27.866668	0.243567
27.900001	0.239397
27.933335	0.245620
27.966668	0.267084
28.000001	0.248826
28.033335	0.264028
28.066668	0.285998
28.100001	0.298896
28.133335	0.298310
28.166668	0.317201
28.200001	0.330255
28.233335	0.350413
28.266668	0.326780
28.300001	0.340031
28.333335	0.326031
28.366668	0.336842
28.400001	0.337677
28.433335	0.349878
28.466668	0.336292
28.500001	0.346069
28.533335	0.353727
28.566668	0.340812
28.600001	0.342404
28.633335	0.351221
28.666668	0.344978
28.700001	0.340393
28.733335	0.341774
28.766668	0.321208
28.800002	0.332873
28.833335	0.329053
28.866668	0.304092
28.900002	0.316418
28.933335	0.325571
28.966668	0.290376
29.000002	0.277282
29.033335	0.280024
29.066668	0.260623
29.100002	0.260528
29.133335	0.257565
29.166668	0.244264
29.200002	0.244391
29.233335	0.231147
29.266668	0.243216
29.300002	0.240934
29.333335	0.233373
29.366668	0.241028
29.400002	0.232977
29.433335	0.258574
29.466668	0.251298
29.500002	0.253834
29.533335	0.272070
29.566668	0.278170
29.600002	0.273030
29.633335	0.313279
29.666668	0.291797
29.700002	0.293328
29.733335	0.284758
29.766668	0.280165
29.800002	0.308540
29.833335	0.288456
29.866668	0.283449
29.900002	0.255273
29.933335	0.278516
29.966668	0.278321
30.000002	0.279647
30.033335	0.279294
30.066668	0.278790
30.100002	0.256138
30.133335	0.268103
30.166668	0.246823
30.200002	0.265694
30.233335	0.274691
30.266668	0.255980
30.300002	0.263269
30.333335	0.263757
30.366668	0.266126
30.400002	0.270906
30.433335	0.260810
30.466668	0.260441
30.500002	0.270842
30.533335	0.250655
30.566668	0.264427
30.600002	0.267835
30.633335	0.252077
30.666668	0.256744
30.700002	0.265753
30.733335	0.248641
30.766668	0.266772
30.800002	0.266297
30.833335	0.239384
30.866668	0.253632
30.900002	0.267434
30.933335	0.264982
30.966668	0.256438
31.000002	0.275416
31.033335	0.269055
31.066668	0.268281
31.100002	0.285410
31.133335	0.299626
31.166668	0.268581
31.200002	0.288910
31.233335	0.288214
31.266668	0.302327
31.300002	0.296007
31.333335	0.302261
31.366668	0.288068
31.400002	0.327750
31.433335	0.304711
31.466668	0.326992
31.500002	0.307950
31.533335	0.307806
31.566668	0.300875
31.600002	0.319742
31.633335	0.310954
31.666668	0.306129
31.700002	0.304254
31.733335	0.305270
31.766668	0.322387
31.800002	0.314268
31.833335	0.337305
31.866668	0.322301
31.900002	0.328823
31.933335	0.344106
31.966668	0.336503
32.000002	0.323433
32.033335	0.323162
32.066668	0.333830
32.100002	0.329158
32.133335	0.344058
32.166668	0.346215
32.200002	0.343224
32.233335	0.338931
32.266668	0.350673
32.300002	0.340686
32.333335	0.335276
32.366668	0.334808
32.400002	0.338966
32.433335	0.351846
32.466668	0.334432
32.500002	0.338415
32.533335	0.348399
32.566668	0.347571
32.600002	0.327506
32.633335	0.339515
32.666668	0.333030
32.700002	0.335098
32.733335	0.342038
32.766668	0.352190
32.800002	0.349301
32.833335	0.345974
32.866668	0.354035
32.900002	0.339732
32.933335	0.343570
32.966668	0.356694
33.000002	0.345031
33.033335	0.347048
33.066668	0.345833
33.100002	0.356243
33.133335	0.345039
33.166668	0.349883
33.200002	0.354134
33.233335	0.358500
33.266668	0.362987
33.300002	0.334105
33.333335	0.344445
33.366668	0.347307
33.400002	0.348534
33.433335	0.341530
33.466668	0.335839
33.500002	0.354786
33.533335	0.349649
33.566668	0.344231
33.600002	0.341774
33.633335	0.361933
33.666668	0.344639
33.700002	0.341975
33.733335	0.346464
33.766668	0.347894
33.800002	0.352397
33.833335	0.344064
33.866668	0.355472
33.900002	0.340150
33.933335	0.338689
33.966668	0.338734
34.000002	0.330393
34.033335	0.335092
34.066668	0.328297
34.100002	0.349424
34.133335	0.323397
34.166668	0.330618
34.200002	0.332508
34.233335	0.325015
34.266668	0.324657
34.300002	0.321642
34.333335	0.321831
34.366668	0.303784
34.400002	0.309177
34.433335	0.302781
34.466668	0.296478
34.500002	0.293125
34.533335	0.311221
34.566668	0.309091
34.600002	0.317317
34.633335	0.321005
34.666668	0.334726
34.700002	0.344140
34.733335	0.331056
34.766668	0.342248
34.800002	0.344106
34.833335	0.340701
34.866668	0.340993
34.900002	0.329805
34.933335	0.340164
34.966668	0.349834
35.000002	0.358259
35.033335	0.339878
35.066668	0.364531
35.100002	0.345309
35.133335	0.348024
35.166669	0.351187
35.200002	0.335342
35.233335	0.350291
35.266669	0.344878
35.300002	0.343216
35.333335	0.349830
35.366669	0.348217
35.400002	0.343642
35.433335	0.355137
35.466669	0.342010
35.500002	0.349224
35.533335	0.343844
35.566669	0.348422
35.600002	0.345228
35.633335	0.340354
35.666669	0.346245
35.700002	0.349330
35.733335	0.338751
35.766669	0.342678
35.800002	0.334177
35.833335	0.351187
35.866669	0.359422
35.900002	0.330662
35.933335	0.346801
35.966669	0.346653
36.000002	0.353246
36.033335	0.351007
36.066669	0.359660
36.100002	0.354409
36.133335	0.341367
36.166669	0.334871
36.200002	0.363885
36.233335	0.347876
36.266669	0.353406
36.300002	0.347304
36.333335	0.346745
36.366669	0.336651
36.400002	0.344220
36.433335	0.334811
36.466669	0.339626
36.500002	0.343453
36.533335	0.350851
36.566669	0.352007
36.600002	0.343161
36.633335	0.356978
36.666669	0.337957
36.700002	0.350234
36.733335	0.346679
36.766669	0.341421
36.800002	0.336734
36.833335	0.344095
36.866669	0.348982
36.900002	0.360341
36.933335	0.351130
36.966669	0.343983
37.000002	0.348862
37.033335	0.353109
37.066669	0.336014
37.100002	0.364596
37.133335	0.356188
37.166669	0.356603
37.200002	0.346662
37.233335	0.338539
37.266669	0.344403
37.300002	0.345409
37.333335	0.342230
37.366669	0.351624
37.400002	0.340451
37.433335	0.349045
37.466669	0.340901
37.500002	0.345584
37.533335	0.355935
37.566669	0.343276
37.600002	0.346718
37.633335	0.347657
37.666669	0.348332
37.700002	0.343940
37.733335	0.360799
37.766669	0.349602
37.800002	0.351935
37.833335	0.342980
37.866669	0.350265
37.900002	0.345468
37.933335	0.344299
37.966669	0.346204
38.000002	0.359119
38.033335	0.344224
38.066669	0.345853
38.100002	0.343679
38.133335	0.347936
38.166669	0.347604
38.200002	0.363627
38.233335	0.344036
38.266669	0.348304
38.300002	0.337993
38.333335	0.354453
38.366669	0.351863
38.400002	0.355149
38.433335	0.339493
38.466669	0.343435
38.500002	0.342094
38.533335	0.356847
38.566669	0.328247
38.600002	0.344077
38.633335	0.341982
38.666669	0.344816
38.700002	0.339245
38.733335	0.344988
38.766669	0.340334
38.800002	0.337911
38.833335	0.356514
38.866669	0.339425
38.900002	0.345963
38.933335	0.341388
38.966669	0.345373
39.000002	0.338297
39.033335	0.337381
39.066669	0.345280
39.100002	0.351848
39.133335	0.345148
39.166669	0.331147
39.200002	0.331590
39.233335	0.334483
39.266669	0.335584
39.300002	0.339759
39.333335	0.318915
39.366669	0.364515
39.400002	0.350507
39.433335	0.341476
39.466669	0.329057
39.500002	0.358998
39.533335	0.335820
39.566669	0.348690
39.600002	0.341197
39.633335	0.362489
39.666669	0.352092
39.700002	0.354269
39.733335	0.343868
39.766669	0.339515
39.800002	0.337413
39.833335	0.342738
39.866669	0.348687
39.900002	0.357844
39.933335	0.361504
39.966669	0.336838
40.000002	0.356546
40.033335	0.342858
40.066669	0.354937
40.100002	0.338272
40.133335	0.348429
40.166669	0.352385
40.200002	0.351714
40.233335	0.347917
40.266669	0.347899
40.300002	0.352897
40.333335	0.357253
40.366669	0.355566
40.400002	0.355217
40.433335	0.358570
40.466669	0.357643
40.500002	0.353343
40.533335	0.348493
40.566669	0.345077
40.600002	0.344122
40.633335	0.343224
40.666669	0.361750
40.700002	0.349707
40.733335	0.347005
40.766669	0.361490
40.800002	0.366721
40.833335	0.365937
40.866669	0.351203
40.900002	0.352772
40.933335	0.349402
40.966669	0.363866
41.000002	0.358438
41.033335	0.361095
41.066669	0.357833
41.100002	0.362248
41.133335	0.351636
41.166669	0.355561
41.200002	0.366823
41.233335	0.365435
41.266669	0.355910
41.300002	0.353872
41.333335	0.361253
41.366669	0.353575
41.400002	0.356207
41.433335	0.367069
41.466669	0.362462
41.500002	0.350789
41.533335	0.361027
41.566669	0.347632
41.600002	0.351357
41.633336	0.342472
41.666669	0.362034
41.700002	0.352352
41.733336	0.373083
41.766669	0.350840
41.800002	0.353150
41.833336	0.348442
41.866669	0.354271
41.900002	0.353667
41.933336	0.353215
41.966669	0.347958
42.000002	0.357473
42.033336	0.358160
42.066669	0.349709
42.100002	0.355171
42.133336	0.355757
42.166669	0.356225
42.200002	0.360733
42.233336	0.361723
42.266669	0.362731
42.300002	0.367243
42.333336	0.335542
42.366669	0.340488
42.400002	0.351677
42.433336	0.351870
42.466669	0.346599
42.500002	0.350121
42.533336	0.359999
42.566669	0.353338
42.600002	0.352247
42.633336	0.341584
42.666669	0.363428
42.700002	0.345534
42.733336	0.352698
42.766669	0.341548
42.800002	0.364516
42.833336	0.352167
42.866669	0.366896
42.900002	0.358595
42.933336	0.359753
42.966669	0.353054
43.000002	0.343036
43.033336	0.360947
43.066669	0.354958
43.100002	0.360206
43.133336	0.353917
43.166669	0.363166
43.200002	0.352164
43.233336	0.355309
43.266669	0.352413
43.300002	0.358421
43.333336	0.361020
43.366669	0.351058
43.400002	0.333699
43.433336	0.344245
43.466669	0.348838
43.500002	0.360477
43.533336	0.351728
43.566669	0.363632
43.600002	0.351023
43.633336	0.356167
43.666669	0.348556
43.700002	0.355870
43.733336	0.359214
43.766669	0.356959
43.800002	0.357946
43.833336	0.339325
43.866669	0.343582
43.900002	0.371232
43.933336	0.362054
43.966669	0.358238
44.000002	0.369128
44.033336	0.332187
44.066669	0.339121
44.100002	0.338693
44.133336	0.339047
44.166669	0.333446
44.200002	0.345272
44.233336	0.346769
44.266669	0.342821
44.300002	0.337522
44.333336	0.347016
44.366669	0.345533
44.400002	0.348293
44.433336	0.329043
44.466669	0.343521
44.500002	0.342607
44.533336	0.333643
44.566669	0.328366
44.600002	0.341719
44.633336	0.330521
44.666669	0.344855
44.700002	0.336596
44.733336	0.338509
44.766669	0.351996
44.800002	0.324260
44.833336	0.339427
44.866669	0.331444
44.900002	0.336039
44.933336	0.349869
44.966669	0.328910
45.000002	0.329007
45.033336	0.332207
45.066669	0.342877
45.100002	0.342295
45.133336	0.332523
45.166669	0.352070
45.200002	0.332068
45.233336	0.344665
45.266669	0.339164
45.300002	0.332761
45.333336	0.345036
45.366669	0.352620
45.400002	0.325535
45.433336	0.335382
45.466669	0.340574
45.500002	0.343130
45.533336	0.349551
45.566669	0.337244
45.600002	0.343075
45.633336	0.345783
45.666669	0.332976
45.700002	0.337800
45.733336	0.330952
45.766669	0.331671
45.800002	0.328823
45.833336	0.338185
45.866669	0.339402
45.900002	0.343771
45.933336	0.348042
45.966669	0.332475
46.000002	0.340719
46.033336	0.340930
46.066669	0.350052
46.100002	0.348675
46.133336	0.331204
46.166669	0.346403
46.200002	0.335053
46.233336	0.336808
46.266669	0.352753
46.300002	0.336074
46.333336	0.324955
46.366669	0.346690
46.400002	0.347279
46.433336	0.329410
46.466669	0.344702
46.500002	0.345089
46.533336	0.335742
46.566669	0.345789
46.600002	0.243405
46.633336	0.261995
46.666669	0.226366
46.700002	0.240476
46.733336	0.219015
46.766669	0.227148
46.800002	0.239989
46.833336	0.219078
46.866669	0.221277
46.900002	0.240970
46.933336	0.207350
46.966669	0.221842
47.000002	0.234394
47.033336	0.233539
47.066669	0.234510
47.100002	0.244962
47.133336	0.237463
47.166669	0.245748
47.200002	0.231988
47.233336	0.240101
47.266669	0.248628
47.300002	0.258631
47.333336	0.244775
47.366669	0.246994
47.400002	0.254517
47.433336	0.263515
47.466669	0.259064
47.500002	0.256977
47.533336	0.260067
47.566669	0.257150
47.600002	0.258691
47.633336	0.244236
47.666669	0.250240
47.700002	0.239675
47.733336	0.249344
47.766669	0.244950
47.800002	0.217494
47.833336	0.221690
47.866669	0.240938
47.900002	0.240885
47.933336	0.233712
47.966669	0.248876
48.000003	0.216211
48.033336	0.212071
48.066669	0.231087
48.100003	0.248761
48.133336	0.234254
48.166669	0.239274
48.200003	0.255773
48.233336	0.224304
48.266669	0.251134
48.300003	0.281404
48.333336	0.269239
48.366669	0.324165
48.400003	0.308943
48.433336	0.301372
48.466669	0.312660
48.500003	0.325132
48.533336	0.315352
48.566669	0.316741
48.600003	0.324900
48.633336	0.313806
48.666669	0.307984
48.700003	0.289878
48.733336	0.328794
48.766669	0.314551
48.800003	0.313036
48.833336	0.323262
48.866669	0.337100
48.900003	0.318393
48.933336	0.329697
48.966669	0.327421
49.000003	0.321154
49.033336	0.319672
49.066669	0.315962
49.100003	0.293797
49.133336	0.292326
49.166669	0.290420
49.200003	0.273184
49.233336	0.292001
49.266669	0.304523
49.300003	0.307398
49.333336	0.311339
49.366669	0.290499
49.400003	0.294306
49.433336	0.310002
49.466669	0.334505
49.500003	0.350364
49.533336	0.336549
49.566669	0.344961
49.600003	0.322926
49.633336	0.321782
49.666669	0.317280
49.700003	0.312748
49.733336	0.310733
49.766669	0.314731
49.800003	0.316707
49.833336	0.302698
49.866669	0.313418
49.900003	0.320981
49.933336	0.331122
49.966669	0.315681
50.000003	0.307290
50.033336	0.302691
50.066669	0.314762
50.100003	0.326188
50.133336	0.347307
50.166669	0.324414
50.200003	0.348731
50.233336	0.340826
50.266669	0.340889
50.300003	0.335968
50.333336	0.346627
50.366669	0.342024
50.400003	0.317923
50.433336	0.336778
50.466669	0.313327
50.500003	0.340702
50.533336	0.338936
50.566669	0.327309
50.600003	0.310136
50.633336	0.341068
50.666669	0.333181
50.700003	0.328773
50.733336	0.340687
50.766669	0.327468
50.800003	0.334146
50.833336	0.334051
50.866669	0.345549
50.900003	0.326536
50.933336	0.348411
50.966669	0.339882
51.000003	0.339813
51.033336	0.338714
51.066669	0.341097
51.100003	0.334795
51.133336	0.350441
51.166669	0.336037
51.200003	0.327169
51.233336	0.337337
51.266669	0.350238
51.300003	0.334962
51.333336	0.335122
51.366669	0.338846
51.400003	0.344259
51.433336	0.332847
51.466669	0.320316
51.500003	0.329624
51.533336	0.332778
51.566669	0.339419
51.600003	0.321756
51.633336	0.349044
51.666669	0.345082
51.700003	0.344603
51.733336	0.332475
51.766669	0.329049
51.800003	0.323988
51.833336	0.347463
51.866669	0.335364
51.900003	0.334860
51.933336	0.329960
51.966669	0.330543
52.000003	0.324081
52.033336	0.324434
52.066669	0.336009
52.100003	0.340472
52.133336	0.342617
52.166669	0.287515
52.200003	0.299889
52.233336	0.286004
52.266669	0.270920
52.300003	0.277137
52.333336	0.253799
52.366669	0.271955
52.400003	0.284629
52.433336	0.275817
52.466669	0.283511
52.500003	0.296415
52.533336	0.271551
52.566669	0.278494
52.600003	0.282307
52.633336	0.287082
52.666669	0.281294
52.700003	0.291106
52.733336	0.307978
52.766669	0.313990
52.800003	0.309205
52.833336	0.314490
52.866669	0.329603
52.900003	0.320806
52.933336	0.335375
52.966669	0.330042
53.000003	0.324042
53.033336	0.346373
53.066669	0.325778
53.100003	0.333073
53.133336	0.332207
53.166669	0.317366
53.200003	0.328112
53.233336	0.330393
53.266669	0.299313
53.300003	0.308893
53.333336	0.303429
53.366669	0.300350
53.400003	0.299242
53.433336	0.307239
53.466669	0.300833
53.500003	0.283946
53.533336	0.278805
53.566669	0.280607
53.600003	0.279742
53.633336	0.261191
53.666669	0.261808
53.700003	0.273440
53.733336	0.288970
53.766669	0.260363
53.800003	0.289519
53.833336	0.289036
53.866669	0.285524
53.900003	0.278363
53.933336	0.294490
53.966669	0.335591
54.000003	0.348445
54.033336	0.350526
54.066669	0.340851
54.100003	0.335175
54.133336	0.340200
54.166669	0.345941
54.200003	0.329283
54.233336	0.333450
54.266669	0.328704
54.300003	0.340333
54.333336	0.341615
54.366670	0.329604
54.400003	0.331146
54.433336	0.352632
54.466670	0.343099
54.500003	0.342733
54.533336	0.338052
54.566670	0.335581
54.600003	0.331729
54.633336	0.315696
54.666670	0.325233
54.700003	0.324805
54.733336	0.332894
54.766670	0.328051
54.800003	0.328026
54.833336	0.367511
54.866670	0.353072
54.900003	0.347528
54.933336	0.344874
54.966670	0.348441
55.000003	0.350987
55.033336	0.346461
55.066670	0.366507
55.100003	0.352174
55.133336	0.345622
55.166670	0.355390
55.200003	0.349069
55.233336	0.351302
55.266670	0.355218
55.300003	0.356022
55.333336	0.341989
55.366670	0.357841
55.400003	0.346015
55.433336	0.375216
55.466670	0.355505
55.500003	0.352626
55.533336	0.360820
55.566670	0.363257
55.600003	0.358949
55.633336	0.352318
55.666670	0.350337
55.700003	0.351598
55.733336	0.355165
55.766670	0.336195
55.800003	0.349798
55.833336	0.325493
55.866670	0.326658
55.900003	0.328932
55.933336	0.330436
55.966670	0.333059
56.000003	0.324145
56.033336	0.328072
56.066670	0.329765
56.100003	0.332195
56.133336	0.345597
56.166670	0.341069
56.200003	0.339018
56.233336	0.344534
56.266670	0.343424
56.300003	0.340397
56.333336	0.338248
56.366670	0.334222
56.400003	0.345102
56.433336	0.339352
56.466670	0.340267
56.500003	0.346196
56.533336	0.339756
56.566670	0.342126
56.600003	0.313050
56.633336	0.300321
56.666670	0.297045
56.700003	0.292079
56.733336	0.292019
56.766670	0.292525
56.800003	0.302645
56.833336	0.310438
56.866670	0.297080
56.900003	0.302556
56.933336	0.303679
56.966670	0.320550
57.000003	0.310780
57.033336	0.318872
57.066670	0.321780
57.100003	0.315285
57.133336	0.316729
57.166670	0.312119
57.200003	0.329448
57.233336	0.331738
57.266670	0.337778
57.300003	0.336574
57.333336	0.345146
57.366670	0.345818
57.400003	0.338760
57.433336	0.335152
57.466670	0.331055
57.500003	0.331194
57.533336	0.337270
57.566670	0.340954
57.600003	0.331822
57.633336	0.340963
57.666670	0.334678
57.700003	0.329957
57.733336	0.328386
57.766670	0.324540
57.800003	0.332685
57.833336	0.314260
57.866670	0.317406
57.900003	0.327139
57.933336	0.317309
57.966670	0.335813
58.000003	0.321048
58.033336	0.312890
58.066670	0.297318
58.100003	0.305535
58.133336	0.309733
58.166670	0.296066
58.200003	0.315518
58.233336	0.283478
58.266670	0.301910
58.300003	0.291338
58.333336	0.313163
58.366670	0.305654
58.400003	0.334138
58.433336	0.315717
58.466670	0.328044
58.500003	0.297054
58.533336	0.288186
58.566670	0.301771
58.600003	0.316453
58.633336	0.288833
58.666670	0.327617
58.700003	0.320734
58.733336	0.322487
58.766670	0.305872
58.800003	0.304110
58.833336	0.321878
58.866670	0.309656
58.900003	0.322403
58.933336	0.319531
58.966670	0.330467
59.000003	0.331834
59.033336	0.333652
59.066670	0.343787
59.100003	0.319356
59.133336	0.321446
59.166670	0.335845
59.200003	0.335078
59.233336	0.329920
59.266670	0.330215
59.300003	0.343842
59.333336	0.333846
59.366670	0.329681
59.400003	0.331930
59.433336	0.342677
59.466670	0.321904
59.500003	0.316666
59.533336	0.317940
59.566670	0.326535
59.600003	0.331883
59.633336	0.324466
59.666670	0.312866
59.700003	0.320940
59.733336	0.318632
59.766670	0.318364
59.800003	0.321559
59.833336	0.315378
59.866670	0.307955
59.900003	0.307550
59.933336	0.315587
59.966670	0.314554
60.000003	0.322399
60.033336	0.308350
60.066670	0.328670
60.100003	0.295620
60.133336	0.289368
60.166670	0.299007
60.200003	0.300667
60.233336	0.294405
60.266670	0.318063
60.300003	0.300011
60.333336	0.280702
60.366670	0.320775
60.400003	0.289554
60.433336	0.287048
60.466670	0.292598
60.500003	0.315976
60.533336	0.301416
60.566670	0.300757
60.600003	0.293953
60.633336	0.305027
60.666670	0.310045
60.700003	0.296331
60.733337	0.292247
60.766670	0.303770
60.800003	0.305114
60.833337	0.299204
60.866670	0.288116
60.900003	0.292263
60.933337	0.293595
60.966670	0.306727
61.000003	0.291599
61.033337	0.309240
61.066670	0.297611
61.100003	0.303554
61.133337	0.294664
61.166670	0.287876
61.200003	0.297010
61.233337	0.307502
61.266670	0.293935
61.300003	0.284665
61.333337	0.279442
61.366670	0.303266
61.400003	0.296431
61.433337	0.308600
61.466670	0.278163
61.500003	0.286587
61.533337	0.294935
61.566670	0.297541
61.600003	0.285525
61.633337	0.295627
61.666670	0.290838
61.700003	0.275350
61.733337	0.306989
61.766670	0.306903
61.800003	0.307763
61.833337	0.313421
61.866670	0.300852
61.900003	0.299855
61.933337	0.303490
61.966670	0.294220
62.000003	0.298013
62.033337	0.327358
62.066670	0.289335
62.100003	0.305362
62.133337	0.306404
62.166670	0.310235
62.200003	0.284081
62.233337	0.307399
62.266670	0.296275
62.300003	0.311903
62.333337	0.312170
62.366670	0.279071
62.400003	0.296796
62.433337	0.298150
62.466670	0.297296
62.500003	0.292680
62.533337	0.295612
62.566670	0.291510
62.600003	0.298275
62.633337	0.300473
62.666670	0.294291
62.700003	0.309538
62.733337	0.306782
62.766670	0.292596
62.800003	0.301046
62.833337	0.290814
62.866670	0.301970
62.900003	0.307771
62.933337	0.307914
62.966670	0.298385
63.000003	0.298073
63.033337	0.285858
63.066670	0.284966
63.100003	0.305504
63.133337	0.309896
63.166670	0.302456
63.200003	0.296597
63.233337	0.303350
63.266670	0.286499
63.300003	0.296839
63.333337	0.302886
63.366670	0.299837
63.400003	0.278836
63.433337	0.296118
63.466670	0.310210
63.500003	0.290265
63.533337	0.282681
63.566670	0.308741
63.600003	0.295892
63.633337	0.309906
63.666670	0.325718
63.700003	0.336249
63.733337	0.329792
63.766670	0.332246
63.800003	0.326637
63.833337	0.350852
63.866670	0.330750
63.900003	0.333333
63.933337	0.341329
63.966670	0.335832
64.000003	0.332394
64.033337	0.325758
64.066670	0.332080
64.100003	0.331875
64.133337	0.348632
64.166670	0.347978
64.200003	0.343806
64.233337	0.343180
64.266670	0.343475
64.300003	0.340712
64.333337	0.340493
64.366670	0.348046
64.400003	0.349788
64.433337	0.344511
64.466670	0.332810
64.500003	0.339835
64.533337	0.339517
64.566670	0.328871
64.600003	0.332513
64.633337	0.342242
64.666670	0.330167
64.700003	0.338538
64.733337	0.337662
64.766670	0.335188
64.800003	0.325682
64.833337	0.343276
64.866670	0.340732
64.900003	0.352431
64.933337	0.346800
64.966670	0.331685
65.000003	0.346925
65.033337	0.330141
65.066670	0.349658
65.100003	0.341445
65.133337	0.345421
65.166670	0.348376
65.200003	0.347145
65.233337	0.342341
65.266670	0.343686
65.300003	0.350099
65.333337	0.355819
65.366670	0.343508
65.400003	0.344428
65.433337	0.352623
65.466670	0.327857
65.500003	0.349848
65.533337	0.340126
65.566670	0.351479
65.600003	0.341374
65.633337	0.358522
65.666670	0.334853
65.700003	0.349569
65.733337	0.335064
65.766670	0.348932
65.800003	0.346029
65.833337	0.336035
65.866670	0.335613
65.900003	0.349978
65.933337	0.347529
65.966670	0.335774
66.000003	0.348082
66.033337	0.341534
66.066670	0.338843
66.100003	0.336881
66.133337	0.343580
66.166670	0.344008
66.200003	0.340345
66.233337	0.345037
66.266670	0.334708
66.300003	0.333014
66.333337	0.353817
66.366670	0.343731
66.400003	0.330478
66.433337	0.337658
66.466670	0.341824
66.500003	0.335439
66.533337	0.331342
66.566670	0.336470
66.600003	0.337085
66.633337	0.350024
66.666670	0.329675
66.700003	0.338262
66.733337	0.334974
66.766670	0.342983
66.800003	0.338383
66.833337	0.339922
66.866670	0.344418
66.900003	0.338626
66.933337	0.337299
66.966670	0.340699
67.000003	0.339431
67.033337	0.333213
67.066670	0.335877
67.100003	0.349392
67.133337	0.340783
67.166670	0.337124
67.200004	0.339338
67.233337	0.349018
67.266670	0.344330
67.300004	0.332869
67.333337	0.340172
67.366670	0.332357
67.400004	0.339783
67.433337	0.335273
67.466670	0.337078
67.500004	0.333299
67.533337	0.335276
67.566670	0.339796
67.600004	0.348097
67.633337	0.350744
67.666670	0.342968
67.700004	0.340121
67.733337	0.343058
67.766670	0.338924
67.800004	0.326165
67.833337	0.340763
67.866670	0.339848
67.900004	0.336048
67.933337	0.342896
67.966670	0.341819
68.000004	0.339142
68.033337	0.338415
68.066670	0.324822
68.100004	0.320965
68.133337	0.331760
68.166670	0.340768
68.200004	0.310620
68.233337	0.296350
68.266670	0.305274
68.300004	0.291546
68.333337	0.304861
68.366670	0.294903
68.400004	0.317337
68.433337	0.310321
68.466670	0.322641
68.500004	0.311616
68.533337	0.298381
68.566670	0.314122
68.600004	0.314789
68.633337	0.320672
68.666670	0.324775
68.700004	0.325129
68.733337	0.304456
68.766670	0.317487
68.800004	0.338416
68.833337	0.328351
68.866670	0.327132
68.900004	0.326508
68.933337	0.348685
68.966670	0.323325
69.000004	0.327288
69.033337	0.336049
69.066670	0.334823
69.100004	0.337037
69.133337	0.343071
69.166670	0.350126
69.200004	0.341304
69.233337	0.330100
69.266670	0.336177
69.300004	0.344002
69.333337	0.334480
69.366670	0.319257
69.400004	0.322036
69.433337	0.323471
69.466670	0.319935
69.500004	0.319088
69.533337	0.319075
69.566670	0.317998
69.600004	0.318554
69.633337	0.305171
69.666670	0.299544
69.700004	0.305698
69.733337	0.323629
69.766670	0.290953
69.800004	0.299971
69.833337	0.311197
69.866670	0.303992
69.900004	0.305762
69.933337	0.304647
69.966670	0.316949
70.000004	0.320290
70.033337	0.302486
70.066670	0.345148
70.100004	0.347984
70.133337	0.344877
70.166670	0.342948
70.200004	0.339892
70.233337	0.327307
70.266670	0.350652
70.300004	0.342656
70.333337	0.347513
70.366670	0.350799
70.400004	0.337783
70.433337	0.342736
70.466670	0.343391
70.500004	0.349770
70.533337	0.331978
70.566670	0.325964
70.600004	0.331260
70.633337	0.345341
70.666670	0.334952
70.700004	0.342514
70.733337	0.352255
70.766670	0.344247
70.800004	0.363491
70.833337	0.330204
70.866670	0.330902
70.900004	0.340572
70.933337	0.342123
70.966670	0.340319
71.000004	0.346195
71.033337	0.326858
71.066670	0.335943
71.100004	0.318062
71.133337	0.337144
71.166670	0.355114
71.200004	0.342836
71.233337	0.343711
71.266670	0.347271
71.300004	0.333992
71.333337	0.352399
71.366670	0.342200
71.400004	0.343972
71.433337	0.331941
71.466670	0.343255
71.500004	0.337596
71.533337	0.342110
71.566670	0.342049
71.600004	0.338746
71.633337	0.355181
71.666670	0.347620
71.700004	0.332521
71.733337	0.338734
71.766670	0.357975
71.800004	0.347884
71.833337	0.332217
71.866670	0.346324
71.900004	0.339778
71.933337	0.348918
71.966670	0.346164
72.000004	0.332421
72.033337	0.342729
72.066670	0.334734
72.100004	0.352523
72.133337	0.327681
72.166670	0.337342
72.200004	0.336304
72.233337	0.340802
72.266670	0.339394
72.300004	0.336624
72.333337	0.346413
72.366670	0.338461
72.400004	0.347932
72.433337	0.327081
72.466670	0.333345
72.500004	0.340517
72.533337	0.346809
72.566670	0.348292
72.600004	0.330847
72.633337	0.341923
72.666670	0.343617
72.700004	0.340773
72.733337	0.341972
72.766670	0.344449
72.800004	0.360332
72.833337	0.341981
72.866670	0.354937
72.900004	0.332847
72.933337	0.340045
72.966670	0.348439
73.000004	0.334022
73.033337	0.345292
73.066670	0.349670
73.100004	0.339516
73.133337	0.340309
73.166670	0.340230
73.200004	0.336438
73.233337	0.350585
73.266670	0.347770
73.300004	0.329168
73.333337	0.343665
73.366670	0.363792
73.400004	0.337394
73.433337	0.345940
73.466670	0.339097
73.500004	0.359007
73.533337	0.351586
73.566671	0.341684
73.600004	0.339993
73.633337	0.353198
73.666671	0.340514
73.700004	0.350461
73.733337	0.344600
73.766671	0.331413
73.800004	0.347768
73.833337	0.342505
73.866671	0.351773
73.900004	0.349171
73.933337	0.326910
73.966671	0.347819
74.000004	0.346920
74.033337	0.342279
74.066671	0.340896
74.100004	0.349710
74.133337	0.334894
74.166671	0.334227
74.200004	0.335635
74.233337	0.341945
74.266671	0.344603
74.300004	0.347575
74.333337	0.333993
74.366671	0.339242
74.400004	0.336078
74.433337	0.359091
74.466671	0.355611
74.500004	0.337763
74.533337	0.339385
74.566671	0.350882
74.600004	0.357409
74.633337	0.344188
74.666671	0.337531
74.700004	0.331556
74.733337	0.341876
74.766671	0.356954
74.800004	0.345329
74.833337	0.345766
74.866671	0.335563
74.900004	0.340344
74.933337	0.351152
74.966671	0.351685
75.000004	0.342833
75.033337	0.347087
75.066671	0.330501
75.100004	0.343636
75.133337	0.342124
75.166671	0.349206
75.200004	0.347263
75.233337	0.349534
75.266671	0.350860
75.300004	0.341758
75.333337	0.354383
75.366671	0.349841
75.400004	0.348451
75.433337	0.353457
75.466671	0.341993
75.500004	0.338085
75.533337	0.335875
75.566671	0.351302
75.600004	0.345962
75.633337	0.349531
75.666671	0.354727
75.700004	0.345177
75.733337	0.343097
75.766671	0.338781
75.800004	0.350215
75.833337	0.340122
75.866671	0.342492
75.900004	0.336047
75.933337	0.343560
75.966671	0.338785
76.000004	0.336946
76.033337	0.345544
76.066671	0.337046
76.100004	0.340918
76.133337	0.344913
76.166671	0.351489
76.200004	0.351028
76.233337	0.348312
76.266671	0.345531
76.300004	0.346035
76.333337	0.326248
76.366671	0.343079
76.400004	0.348518
76.433337	0.344110
76.466671	0.354989
76.500004	0.341015
76.533337	0.335772
76.566671	0.349811
76.600004	0.339150
76.633337	0.352327
76.666671	0.348734
76.700004	0.339514
76.733337	0.338093
76.766671	0.344700
76.800004	0.340567
76.833337	0.343580
76.866671	0.336462
76.900004	0.350727
76.933337	0.340615
76.966671	0.343201
77.000004	0.345550
77.033337	0.341336
77.066671	0.339251
77.100004	0.338282
77.133337	0.346999
77.166671	0.336146
77.200004	0.347641
77.233337	0.346401
77.266671	0.343763
77.300004	0.343171
77.333337	0.344199
77.366671	0.345155
77.400004	0.351471
77.433337	0.343977
77.466671	0.341797
77.500004	0.349436
77.533337	0.348508
77.566671	0.340978
77.600004	0.339680
77.633337	0.341433
77.666671	0.344156
77.700004	0.354101
77.733337	0.343742
77.766671	0.349478
77.800004	0.348800
77.833337	0.343630
77.866671	0.343245
77.900004	0.339095
77.933337	0.351328
77.966671	0.347331
78.000004	0.342600
78.033337	0.351489
78.066671	0.342277
78.100004	0.341785
78.133337	0.342896
78.166671	0.347771
78.200004	0.332207
78.233337	0.324884
78.266671	0.355117
78.300004	0.347449
78.333337	0.357844
78.366671	0.336251
78.400004	0.341548
78.433337	0.336828
78.466671	0.355474
78.500004	0.343928
78.533337	0.349725
78.566671	0.340742
78.600004	0.331874
78.633337	0.345367
78.666671	0.333467
78.700004	0.359545
78.733337	0.337472
78.766671	0.332822
78.800004	0.341679
78.833337	0.343494
78.866671	0.341275
78.900004	0.349265
78.933337	0.343943
78.966671	0.332937
79.000004	0.345328
79.033337	0.345114
79.066671	0.352309
79.100004	0.352144
79.133337	0.346528
79.166671	0.331159
79.200004	0.352403
79.233337	0.346000
79.266671	0.353514
79.300004	0.349030
79.333337	0.339304
79.366671	0.336437
79.400004	0.337592
79.433337	0.338421
79.466671	0.363086
79.500004	0.346424
79.533337	0.334462
79.566671	0.336903
79.600004	0.344272
79.633337	0.350155
79.666671	0.342790
79.700004	0.350668
79.733337	0.341458
79.766671	0.344111
79.800004	0.342185
79.833337	0.357894
79.866671	0.353860
79.900004	0.343679
79.933338	0.337493
79.966671	0.330566
80.000004	0.353884
